871 147
577 1
578 7
579 6
580 12
581 5
582 11
583 10
584 16
585 4
586 10
587 9
588 15
589 8
590 14
591 13
592 19
593 3
594 9
595 8
596 14
597 7
598 13
599 12
600 18
601 6
602 12
603 11
604 17
605 10
606 16
607 15
608 21
609 2
610 8
611 7
612 13
613 6
614 12
615 11
616 17
617 5
618 11
619 10
620 16
621 9
622 15
623 14
624 20
625 3
626 9
627 8
628 14
629 7
630 13
631 12
632 18
633 6
634 12
635 11
636 17
637 10
638 16
639 15
640 21
641 5
642 11
643 10
644 16
645 9
646 15
647 14
648 20
649 4
650 10
651 9
652 15
653 8
654 14
655 13
656 19
657 6
658 12
659 11
660 17
661 10
662 16
663 15
664 21
665 7
666 13
667 12
668 18
669 9
670 15
671 14
672 20
673 5
674 11
675 10
676 16
677 8
678 14
679 13
680 19
681 7
682 13
683 12
684 18
685 10
686 16
687 15
688 21
689 12
690 18
691 11
692 17
693 14
694 20
695 9
696 15
697 13
698 19
699 8
700 14
701 12
702 18
703 11
704 17
705 15
706 21
707 18
708 13
709 17
710 16
711 20
712 11
713 16
714 14
715 19
716 9
717 14
718 13
719 18
720 12
721 17
722 16
723 21
