84944 10524
63896 2
63897 14
63898 13
63899 25
63900 12
63901 24
63902 23
63903 35
63904 11
63905 23
63906 22
63907 34
63908 21
63909 33
63910 32
63911 44
63912 10
63913 22
63914 21
63915 33
63916 20
63917 32
63918 31
63919 43
63920 19
63921 31
63922 30
63923 42
63924 29
63925 41
63926 40
63927 52
63928 9
63929 21
63930 20
63931 32
63932 19
63933 31
63934 30
63935 42
63936 18
63937 30
63938 29
63939 41
63940 28
63941 40
63942 39
63943 51
63944 17
63945 29
63946 28
63947 40
63948 27
63949 39
63950 38
63951 50
63952 26
63953 38
63954 37
63955 49
63956 36
63957 48
63958 47
63959 59
63960 8
63961 20
63962 19
63963 31
63964 18
63965 30
63966 29
63967 41
63968 17
63969 29
63970 28
63971 40
63972 27
63973 39
63974 38
63975 50
63976 16
63977 28
63978 27
63979 39
63980 26
63981 38
63982 37
63983 49
63984 25
63985 37
63986 36
63987 48
63988 35
63989 47
63990 46
63991 58
63992 15
63993 27
63994 26
63995 38
63996 25
63997 37
63998 36
63999 48
64000 24
64001 36
64002 35
64003 47
64004 34
64005 46
64006 45
64007 57
64008 23
64009 35
64010 34
64011 46
64012 33
64013 45
64014 44
64015 56
64016 32
64017 44
64018 43
64019 55
64020 42
64021 54
64022 53
64023 65
64024 7
64025 19
64026 18
64027 30
64028 17
64029 29
64030 28
64031 40
64032 16
64033 28
64034 27
64035 39
64036 26
64037 38
64038 37
64039 49
64040 15
64041 27
64042 26
64043 38
64044 25
64045 37
64046 36
64047 48
64048 24
64049 36
64050 35
64051 47
64052 34
64053 46
64054 45
64055 57
64056 14
64057 26
64058 25
64059 37
64060 24
64061 36
64062 35
64063 47
64064 23
64065 35
64066 34
64067 46
64068 33
64069 45
64070 44
64071 56
64072 22
64073 34
64074 33
64075 45
64076 32
64077 44
64078 43
64079 55
64080 31
64081 43
64082 42
64083 54
64084 41
64085 53
64086 52
64087 64
64088 13
64089 25
64090 24
64091 36
64092 23
64093 35
64094 34
64095 46
64096 22
64097 34
64098 33
64099 45
64100 32
64101 44
64102 43
64103 55
64104 21
64105 33
64106 32
64107 44
64108 31
64109 43
64110 42
64111 54
64112 30
64113 42
64114 41
64115 53
64116 40
64117 52
64118 51
64119 63
64120 20
64121 32
64122 31
64123 43
64124 30
64125 42
64126 41
64127 53
64128 29
64129 41
64130 40
64131 52
64132 39
64133 51
64134 50
64135 62
64136 28
64137 40
64138 39
64139 51
64140 38
64141 50
64142 49
64143 61
64144 37
64145 49
64146 48
64147 60
64148 47
64149 59
64150 58
64151 70
64152 6
64153 18
64154 17
64155 29
64156 16
64157 28
64158 27
64159 39
64160 15
64161 27
64162 26
64163 38
64164 25
64165 37
64166 36
64167 48
64168 14
64169 26
64170 25
64171 37
64172 24
64173 36
64174 35
64175 47
64176 23
64177 35
64178 34
64179 46
64180 33
64181 45
64182 44
64183 56
64184 13
64185 25
64186 24
64187 36
64188 23
64189 35
64190 34
64191 46
64192 22
64193 34
64194 33
64195 45
64196 32
64197 44
64198 43
64199 55
64200 21
64201 33
64202 32
64203 44
64204 31
64205 43
64206 42
64207 54
64208 30
64209 42
64210 41
64211 53
64212 40
64213 52
64214 51
64215 63
64216 12
64217 24
64218 23
64219 35
64220 22
64221 34
64222 33
64223 45
64224 21
64225 33
64226 32
64227 44
64228 31
64229 43
64230 42
64231 54
64232 20
64233 32
64234 31
64235 43
64236 30
64237 42
64238 41
64239 53
64240 29
64241 41
64242 40
64243 52
64244 39
64245 51
64246 50
64247 62
64248 19
64249 31
64250 30
64251 42
64252 29
64253 41
64254 40
64255 52
64256 28
64257 40
64258 39
64259 51
64260 38
64261 50
64262 49
64263 61
64264 27
64265 39
64266 38
64267 50
64268 37
64269 49
64270 48
64271 60
64272 36
64273 48
64274 47
64275 59
64276 46
64277 58
64278 57
64279 69
64280 11
64281 23
64282 22
64283 34
64284 21
64285 33
64286 32
64287 44
64288 20
64289 32
64290 31
64291 43
64292 30
64293 42
64294 41
64295 53
64296 19
64297 31
64298 30
64299 42
64300 29
64301 41
64302 40
64303 52
64304 28
64305 40
64306 39
64307 51
64308 38
64309 50
64310 49
64311 61
64312 18
64313 30
64314 29
64315 41
64316 28
64317 40
64318 39
64319 51
64320 27
64321 39
64322 38
64323 50
64324 37
64325 49
64326 48
64327 60
64328 26
64329 38
64330 37
64331 49
64332 36
64333 48
64334 47
64335 59
64336 35
64337 47
64338 46
64339 58
64340 45
64341 57
64342 56
64343 68
64344 17
64345 29
64346 28
64347 40
64348 27
64349 39
64350 38
64351 50
64352 26
64353 38
64354 37
64355 49
64356 36
64357 48
64358 47
64359 59
64360 25
64361 37
64362 36
64363 48
64364 35
64365 47
64366 46
64367 58
64368 34
64369 46
64370 45
64371 57
64372 44
64373 56
64374 55
64375 67
64376 24
64377 36
64378 35
64379 47
64380 34
64381 46
64382 45
64383 57
64384 33
64385 45
64386 44
64387 56
64388 43
64389 55
64390 54
64391 66
64392 32
64393 44
64394 43
64395 55
64396 42
64397 54
64398 53
64399 65
64400 41
64401 53
64402 52
64403 64
64404 51
64405 63
64406 62
64407 74
64408 5
64409 17
64410 16
64411 28
64412 15
64413 27
64414 26
64415 38
64416 14
64417 26
64418 25
64419 37
64420 24
64421 36
64422 35
64423 47
64424 13
64425 25
64426 24
64427 36
64428 23
64429 35
64430 34
64431 46
64432 22
64433 34
64434 33
64435 45
64436 32
64437 44
64438 43
64439 55
64440 12
64441 24
64442 23
64443 35
64444 22
64445 34
64446 33
64447 45
64448 21
64449 33
64450 32
64451 44
64452 31
64453 43
64454 42
64455 54
64456 20
64457 32
64458 31
64459 43
64460 30
64461 42
64462 41
64463 53
64464 29
64465 41
64466 40
64467 52
64468 39
64469 51
64470 50
64471 62
64472 11
64473 23
64474 22
64475 34
64476 21
64477 33
64478 32
64479 44
64480 20
64481 32
64482 31
64483 43
64484 30
64485 42
64486 41
64487 53
64488 19
64489 31
64490 30
64491 42
64492 29
64493 41
64494 40
64495 52
64496 28
64497 40
64498 39
64499 51
64500 38
64501 50
64502 49
64503 61
64504 18
64505 30
64506 29
64507 41
64508 28
64509 40
64510 39
64511 51
64512 27
64513 39
64514 38
64515 50
64516 37
64517 49
64518 48
64519 60
64520 26
64521 38
64522 37
64523 49
64524 36
64525 48
64526 47
64527 59
64528 35
64529 47
64530 46
64531 58
64532 45
64533 57
64534 56
64535 68
64536 10
64537 22
64538 21
64539 33
64540 20
64541 32
64542 31
64543 43
64544 19
64545 31
64546 30
64547 42
64548 29
64549 41
64550 40
64551 52
64552 18
64553 30
64554 29
64555 41
64556 28
64557 40
64558 39
64559 51
64560 27
64561 39
64562 38
64563 50
64564 37
64565 49
64566 48
64567 60
64568 17
64569 29
64570 28
64571 40
64572 27
64573 39
64574 38
64575 50
64576 26
64577 38
64578 37
64579 49
64580 36
64581 48
64582 47
64583 59
64584 25
64585 37
64586 36
64587 48
64588 35
64589 47
64590 46
64591 58
64592 34
64593 46
64594 45
64595 57
64596 44
64597 56
64598 55
64599 67
64600 16
64601 28
64602 27
64603 39
64604 26
64605 38
64606 37
64607 49
64608 25
64609 37
64610 36
64611 48
64612 35
64613 47
64614 46
64615 58
64616 24
64617 36
64618 35
64619 47
64620 34
64621 46
64622 45
64623 57
64624 33
64625 45
64626 44
64627 56
64628 43
64629 55
64630 54
64631 66
64632 23
64633 35
64634 34
64635 46
64636 33
64637 45
64638 44
64639 56
64640 32
64641 44
64642 43
64643 55
64644 42
64645 54
64646 53
64647 65
64648 31
64649 43
64650 42
64651 54
64652 41
64653 53
64654 52
64655 64
64656 40
64657 52
64658 51
64659 63
64660 50
64661 62
64662 61
64663 73
64664 9
64665 21
64666 20
64667 32
64668 19
64669 31
64670 30
64671 42
64672 18
64673 30
64674 29
64675 41
64676 28
64677 40
64678 39
64679 51
64680 17
64681 29
64682 28
64683 40
64684 27
64685 39
64686 38
64687 50
64688 26
64689 38
64690 37
64691 49
64692 36
64693 48
64694 47
64695 59
64696 16
64697 28
64698 27
64699 39
64700 26
64701 38
64702 37
64703 49
64704 25
64705 37
64706 36
64707 48
64708 35
64709 47
64710 46
64711 58
64712 24
64713 36
64714 35
64715 47
64716 34
64717 46
64718 45
64719 57
64720 33
64721 45
64722 44
64723 56
64724 43
64725 55
64726 54
64727 66
64728 15
64729 27
64730 26
64731 38
64732 25
64733 37
64734 36
64735 48
64736 24
64737 36
64738 35
64739 47
64740 34
64741 46
64742 45
64743 57
64744 23
64745 35
64746 34
64747 46
64748 33
64749 45
64750 44
64751 56
64752 32
64753 44
64754 43
64755 55
64756 42
64757 54
64758 53
64759 65
64760 22
64761 34
64762 33
64763 45
64764 32
64765 44
64766 43
64767 55
64768 31
64769 43
64770 42
64771 54
64772 41
64773 53
64774 52
64775 64
64776 30
64777 42
64778 41
64779 53
64780 40
64781 52
64782 51
64783 63
64784 39
64785 51
64786 50
64787 62
64788 49
64789 61
64790 60
64791 72
64792 14
64793 26
64794 25
64795 37
64796 24
64797 36
64798 35
64799 47
64800 23
64801 35
64802 34
64803 46
64804 33
64805 45
64806 44
64807 56
64808 22
64809 34
64810 33
64811 45
64812 32
64813 44
64814 43
64815 55
64816 31
64817 43
64818 42
64819 54
64820 41
64821 53
64822 52
64823 64
64824 21
64825 33
64826 32
64827 44
64828 31
64829 43
64830 42
64831 54
64832 30
64833 42
64834 41
64835 53
64836 40
64837 52
64838 51
64839 63
64840 29
64841 41
64842 40
64843 52
64844 39
64845 51
64846 50
64847 62
64848 38
64849 50
64850 49
64851 61
64852 48
64853 60
64854 59
64855 71
64856 20
64857 32
64858 31
64859 43
64860 30
64861 42
64862 41
64863 53
64864 29
64865 41
64866 40
64867 52
64868 39
64869 51
64870 50
64871 62
64872 28
64873 40
64874 39
64875 51
64876 38
64877 50
64878 49
64879 61
64880 37
64881 49
64882 48
64883 60
64884 47
64885 59
64886 58
64887 70
64888 27
64889 39
64890 38
64891 50
64892 37
64893 49
64894 48
64895 60
64896 36
64897 48
64898 47
64899 59
64900 46
64901 58
64902 57
64903 69
64904 35
64905 47
64906 46
64907 58
64908 45
64909 57
64910 56
64911 68
64912 44
64913 56
64914 55
64915 67
64916 54
64917 66
64918 65
64919 77
64920 26
64921 24
64922 36
64923 35
64924 22
64925 34
64926 33
64927 45
64928 34
64929 32
64930 44
64931 20
64932 32
64933 31
64934 43
64935 30
64936 42
64937 41
64938 53
64939 33
64940 31
64941 43
64942 42
64943 29
64944 41
64945 40
64946 52
64947 18
64948 30
64949 29
64950 41
64951 28
64952 40
64953 39
64954 51
64955 27
64956 39
64957 38
64958 50
64959 37
64960 49
64961 48
64962 60
64963 32
64964 30
64965 42
64966 41
64967 28
64968 40
64969 39
64970 51
64971 40
64972 38
64973 50
64974 26
64975 38
64976 37
64977 49
64978 36
64979 48
64980 47
64981 59
64982 16
64983 28
64984 27
64985 39
64986 26
64987 38
64988 37
64989 49
64990 25
64991 37
64992 36
64993 48
64994 35
64995 47
64996 46
64997 58
64998 24
64999 36
65000 35
65001 47
65002 34
65003 46
65004 45
65005 57
65006 33
65007 45
65008 44
65009 56
65010 43
65011 55
65012 54
65013 66
65014 31
65015 29
65016 41
65017 40
65018 27
65019 39
65020 38
65021 50
65022 39
65023 37
65024 49
65025 25
65026 37
65027 36
65028 48
65029 35
65030 47
65031 46
65032 58
65033 38
65034 36
65035 48
65036 47
65037 34
65038 46
65039 45
65040 57
65041 23
65042 35
65043 34
65044 46
65045 33
65046 45
65047 44
65048 56
65049 32
65050 44
65051 43
65052 55
65053 42
65054 54
65055 53
65056 65
65057 14
65058 26
65059 25
65060 37
65061 24
65062 36
65063 35
65064 47
65065 23
65066 35
65067 34
65068 46
65069 33
65070 45
65071 44
65072 56
65073 22
65074 34
65075 33
65076 45
65077 32
65078 44
65079 43
65080 55
65081 31
65082 43
65083 42
65084 54
65085 41
65086 53
65087 52
65088 64
65089 21
65090 33
65091 32
65092 44
65093 31
65094 43
65095 42
65096 54
65097 30
65098 42
65099 41
65100 53
65101 40
65102 52
65103 51
65104 63
65105 29
65106 41
65107 40
65108 52
65109 39
65110 51
65111 50
65112 62
65113 38
65114 50
65115 49
65116 61
65117 48
65118 60
65119 59
65120 71
65121 30
65122 28
65123 40
65124 39
65125 26
65126 38
65127 37
65128 49
65129 38
65130 36
65131 48
65132 24
65133 36
65134 35
65135 47
65136 34
65137 46
65138 45
65139 57
65140 37
65141 35
65142 47
65143 46
65144 33
65145 45
65146 44
65147 56
65148 22
65149 34
65150 33
65151 45
65152 32
65153 44
65154 43
65155 55
65156 31
65157 43
65158 42
65159 54
65160 41
65161 53
65162 52
65163 64
65164 36
65165 34
65166 46
65167 45
65168 32
65169 44
65170 43
65171 55
65172 44
65173 42
65174 54
65175 30
65176 42
65177 41
65178 53
65179 40
65180 52
65181 51
65182 63
65183 20
65184 32
65185 31
65186 43
65187 30
65188 42
65189 41
65190 53
65191 29
65192 41
65193 40
65194 52
65195 39
65196 51
65197 50
65198 62
65199 28
65200 40
65201 39
65202 51
65203 38
65204 50
65205 49
65206 61
65207 37
65208 49
65209 48
65210 60
65211 47
65212 59
65213 58
65214 70
65215 12
65216 24
65217 23
65218 35
65219 22
65220 34
65221 33
65222 45
65223 21
65224 33
65225 32
65226 44
65227 31
65228 43
65229 42
65230 54
65231 20
65232 32
65233 31
65234 43
65235 30
65236 42
65237 41
65238 53
65239 29
65240 41
65241 40
65242 52
65243 39
65244 51
65245 50
65246 62
65247 19
65248 31
65249 30
65250 42
65251 29
65252 41
65253 40
65254 52
65255 28
65256 40
65257 39
65258 51
65259 38
65260 50
65261 49
65262 61
65263 27
65264 39
65265 38
65266 50
65267 37
65268 49
65269 48
65270 60
65271 36
65272 48
65273 47
65274 59
65275 46
65276 58
65277 57
65278 69
65279 18
65280 30
65281 29
65282 41
65283 28
65284 40
65285 39
65286 51
65287 27
65288 39
65289 38
65290 50
65291 37
65292 49
65293 48
65294 60
65295 26
65296 38
65297 37
65298 49
65299 36
65300 48
65301 47
65302 59
65303 35
65304 47
65305 46
65306 58
65307 45
65308 57
65309 56
65310 68
65311 25
65312 37
65313 36
65314 48
65315 35
65316 47
65317 46
65318 58
65319 34
65320 46
65321 45
65322 57
65323 44
65324 56
65325 55
65326 67
65327 33
65328 45
65329 44
65330 56
65331 43
65332 55
65333 54
65334 66
65335 42
65336 54
65337 53
65338 65
65339 52
65340 64
65341 63
65342 75
65343 6
65344 18
65345 17
65346 29
65347 16
65348 28
65349 27
65350 39
65351 15
65352 27
65353 26
65354 38
65355 25
65356 37
65357 36
65358 48
65359 14
65360 26
65361 25
65362 37
65363 24
65364 36
65365 35
65366 47
65367 23
65368 35
65369 34
65370 46
65371 33
65372 45
65373 44
65374 56
65375 13
65376 25
65377 24
65378 36
65379 23
65380 35
65381 34
65382 46
65383 22
65384 34
65385 33
65386 45
65387 32
65388 44
65389 43
65390 55
65391 21
65392 33
65393 32
65394 44
65395 31
65396 43
65397 42
65398 54
65399 30
65400 42
65401 41
65402 53
65403 40
65404 52
65405 51
65406 63
65407 12
65408 24
65409 23
65410 35
65411 22
65412 34
65413 33
65414 45
65415 21
65416 33
65417 32
65418 44
65419 31
65420 43
65421 42
65422 54
65423 20
65424 32
65425 31
65426 43
65427 30
65428 42
65429 41
65430 53
65431 29
65432 41
65433 40
65434 52
65435 39
65436 51
65437 50
65438 62
65439 19
65440 31
65441 30
65442 42
65443 29
65444 41
65445 40
65446 52
65447 28
65448 40
65449 39
65450 51
65451 38
65452 50
65453 49
65454 61
65455 27
65456 39
65457 38
65458 50
65459 37
65460 49
65461 48
65462 60
65463 36
65464 48
65465 47
65466 59
65467 46
65468 58
65469 57
65470 69
65471 11
65472 23
65473 22
65474 34
65475 21
65476 33
65477 32
65478 44
65479 20
65480 32
65481 31
65482 43
65483 30
65484 42
65485 41
65486 53
65487 19
65488 31
65489 30
65490 42
65491 29
65492 41
65493 40
65494 52
65495 28
65496 40
65497 39
65498 51
65499 38
65500 50
65501 49
65502 61
65503 18
65504 30
65505 29
65506 41
65507 28
65508 40
65509 39
65510 51
65511 27
65512 39
65513 38
65514 50
65515 37
65516 49
65517 48
65518 60
65519 26
65520 38
65521 37
65522 49
65523 36
65524 48
65525 47
65526 59
65527 35
65528 47
65529 46
65530 58
65531 45
65532 57
65533 56
65534 68
65535 17
65536 29
65537 28
65538 40
65539 27
65540 39
65541 38
65542 50
65543 26
65544 38
65545 37
65546 49
65547 36
65548 48
65549 47
65550 59
65551 25
65552 37
65553 36
65554 48
65555 35
65556 47
65557 46
65558 58
65559 34
65560 46
65561 45
65562 57
65563 44
65564 56
65565 55
65566 67
65567 24
65568 36
65569 35
65570 47
65571 34
65572 46
65573 45
65574 57
65575 33
65576 45
65577 44
65578 56
65579 43
65580 55
65581 54
65582 66
65583 32
65584 44
65585 43
65586 55
65587 42
65588 54
65589 53
65590 65
65591 41
65592 53
65593 52
65594 64
65595 51
65596 63
65597 62
65598 74
65599 10
65600 22
65601 21
65602 33
65603 20
65604 32
65605 31
65606 43
65607 19
65608 31
65609 30
65610 42
65611 29
65612 41
65613 40
65614 52
65615 18
65616 30
65617 29
65618 41
65619 28
65620 40
65621 39
65622 51
65623 27
65624 39
65625 38
65626 50
65627 37
65628 49
65629 48
65630 60
65631 17
65632 29
65633 28
65634 40
65635 27
65636 39
65637 38
65638 50
65639 26
65640 38
65641 37
65642 49
65643 36
65644 48
65645 47
65646 59
65647 25
65648 37
65649 36
65650 48
65651 35
65652 47
65653 46
65654 58
65655 34
65656 46
65657 45
65658 57
65659 44
65660 56
65661 55
65662 67
65663 16
65664 28
65665 27
65666 39
65667 26
65668 38
65669 37
65670 49
65671 25
65672 37
65673 36
65674 48
65675 35
65676 47
65677 46
65678 58
65679 24
65680 36
65681 35
65682 47
65683 34
65684 46
65685 45
65686 57
65687 33
65688 45
65689 44
65690 56
65691 43
65692 55
65693 54
65694 66
65695 23
65696 35
65697 34
65698 46
65699 33
65700 45
65701 44
65702 56
65703 32
65704 44
65705 43
65706 55
65707 42
65708 54
65709 53
65710 65
65711 31
65712 43
65713 42
65714 54
65715 41
65716 53
65717 52
65718 64
65719 40
65720 52
65721 51
65722 63
65723 50
65724 62
65725 61
65726 73
65727 15
65728 27
65729 26
65730 38
65731 25
65732 37
65733 36
65734 48
65735 24
65736 36
65737 35
65738 47
65739 34
65740 46
65741 45
65742 57
65743 23
65744 35
65745 34
65746 46
65747 33
65748 45
65749 44
65750 56
65751 32
65752 44
65753 43
65754 55
65755 42
65756 54
65757 53
65758 65
65759 22
65760 34
65761 33
65762 45
65763 32
65764 44
65765 43
65766 55
65767 31
65768 43
65769 42
65770 54
65771 41
65772 53
65773 52
65774 64
65775 30
65776 42
65777 41
65778 53
65779 40
65780 52
65781 51
65782 63
65783 39
65784 51
65785 50
65786 62
65787 49
65788 61
65789 60
65790 72
65791 21
65792 33
65793 32
65794 44
65795 31
65796 43
65797 42
65798 54
65799 30
65800 42
65801 41
65802 53
65803 40
65804 52
65805 51
65806 63
65807 29
65808 41
65809 40
65810 52
65811 39
65812 51
65813 50
65814 62
65815 38
65816 50
65817 49
65818 61
65819 48
65820 60
65821 59
65822 71
65823 28
65824 40
65825 39
65826 51
65827 38
65828 50
65829 49
65830 61
65831 37
65832 49
65833 48
65834 60
65835 47
65836 59
65837 58
65838 70
65839 36
65840 48
65841 47
65842 59
65843 46
65844 58
65845 57
65846 69
65847 45
65848 57
65849 56
65850 68
65851 55
65852 67
65853 66
65854 78
65855 5
65856 17
65857 16
65858 28
65859 15
65860 27
65861 26
65862 38
65863 14
65864 26
65865 25
65866 37
65867 24
65868 36
65869 35
65870 47
65871 13
65872 25
65873 24
65874 36
65875 23
65876 35
65877 34
65878 46
65879 22
65880 34
65881 33
65882 45
65883 32
65884 44
65885 43
65886 55
65887 12
65888 24
65889 23
65890 35
65891 22
65892 34
65893 33
65894 45
65895 21
65896 33
65897 32
65898 44
65899 31
65900 43
65901 42
65902 54
65903 20
65904 32
65905 31
65906 43
65907 30
65908 42
65909 41
65910 53
65911 29
65912 41
65913 40
65914 52
65915 39
65916 51
65917 50
65918 62
65919 11
65920 23
65921 22
65922 34
65923 21
65924 33
65925 32
65926 44
65927 20
65928 32
65929 31
65930 43
65931 30
65932 42
65933 41
65934 53
65935 19
65936 31
65937 30
65938 42
65939 29
65940 41
65941 40
65942 52
65943 28
65944 40
65945 39
65946 51
65947 38
65948 50
65949 49
65950 61
65951 18
65952 30
65953 29
65954 41
65955 28
65956 40
65957 39
65958 51
65959 27
65960 39
65961 38
65962 50
65963 37
65964 49
65965 48
65966 60
65967 26
65968 38
65969 37
65970 49
65971 36
65972 48
65973 47
65974 59
65975 35
65976 47
65977 46
65978 58
65979 45
65980 57
65981 56
65982 68
65983 10
65984 22
65985 21
65986 33
65987 20
65988 32
65989 31
65990 43
65991 19
65992 31
65993 30
65994 42
65995 29
65996 41
65997 40
65998 52
65999 18
66000 30
66001 29
66002 41
66003 28
66004 40
66005 39
66006 51
66007 27
66008 39
66009 38
66010 50
66011 37
66012 49
66013 48
66014 60
66015 17
66016 29
66017 28
66018 40
66019 27
66020 39
66021 38
66022 50
66023 26
66024 38
66025 37
66026 49
66027 36
66028 48
66029 47
66030 59
66031 25
66032 37
66033 36
66034 48
66035 35
66036 47
66037 46
66038 58
66039 34
66040 46
66041 45
66042 57
66043 44
66044 56
66045 55
66046 67
66047 16
66048 28
66049 27
66050 39
66051 26
66052 38
66053 37
66054 49
66055 25
66056 37
66057 36
66058 48
66059 35
66060 47
66061 46
66062 58
66063 24
66064 36
66065 35
66066 47
66067 34
66068 46
66069 45
66070 57
66071 33
66072 45
66073 44
66074 56
66075 43
66076 55
66077 54
66078 66
66079 23
66080 35
66081 34
66082 46
66083 33
66084 45
66085 44
66086 56
66087 32
66088 44
66089 43
66090 55
66091 42
66092 54
66093 53
66094 65
66095 31
66096 43
66097 42
66098 54
66099 41
66100 53
66101 52
66102 64
66103 40
66104 52
66105 51
66106 63
66107 50
66108 62
66109 61
66110 73
66111 9
66112 21
66113 20
66114 32
66115 19
66116 31
66117 30
66118 42
66119 18
66120 30
66121 29
66122 41
66123 28
66124 40
66125 39
66126 51
66127 17
66128 29
66129 28
66130 40
66131 27
66132 39
66133 38
66134 50
66135 26
66136 38
66137 37
66138 49
66139 36
66140 48
66141 47
66142 59
66143 16
66144 28
66145 27
66146 39
66147 26
66148 38
66149 37
66150 49
66151 25
66152 37
66153 36
66154 48
66155 35
66156 47
66157 46
66158 58
66159 24
66160 36
66161 35
66162 47
66163 34
66164 46
66165 45
66166 57
66167 33
66168 45
66169 44
66170 56
66171 43
66172 55
66173 54
66174 66
66175 15
66176 27
66177 26
66178 38
66179 25
66180 37
66181 36
66182 48
66183 24
66184 36
66185 35
66186 47
66187 34
66188 46
66189 45
66190 57
66191 23
66192 35
66193 34
66194 46
66195 33
66196 45
66197 44
66198 56
66199 32
66200 44
66201 43
66202 55
66203 42
66204 54
66205 53
66206 65
66207 22
66208 34
66209 33
66210 45
66211 32
66212 44
66213 43
66214 55
66215 31
66216 43
66217 42
66218 54
66219 41
66220 53
66221 52
66222 64
66223 30
66224 42
66225 41
66226 53
66227 40
66228 52
66229 51
66230 63
66231 39
66232 51
66233 50
66234 62
66235 49
66236 61
66237 60
66238 72
66239 14
66240 26
66241 25
66242 37
66243 24
66244 36
66245 35
66246 47
66247 23
66248 35
66249 34
66250 46
66251 33
66252 45
66253 44
66254 56
66255 22
66256 34
66257 33
66258 45
66259 32
66260 44
66261 43
66262 55
66263 31
66264 43
66265 42
66266 54
66267 41
66268 53
66269 52
66270 64
66271 21
66272 33
66273 32
66274 44
66275 31
66276 43
66277 42
66278 54
66279 30
66280 42
66281 41
66282 53
66283 40
66284 52
66285 51
66286 63
66287 29
66288 41
66289 40
66290 52
66291 39
66292 51
66293 50
66294 62
66295 38
66296 50
66297 49
66298 61
66299 48
66300 60
66301 59
66302 71
66303 20
66304 32
66305 31
66306 43
66307 30
66308 42
66309 41
66310 53
66311 29
66312 41
66313 40
66314 52
66315 39
66316 51
66317 50
66318 62
66319 28
66320 40
66321 39
66322 51
66323 38
66324 50
66325 49
66326 61
66327 37
66328 49
66329 48
66330 60
66331 47
66332 59
66333 58
66334 70
66335 27
66336 39
66337 38
66338 50
66339 37
66340 49
66341 48
66342 60
66343 36
66344 48
66345 47
66346 59
66347 46
66348 58
66349 57
66350 69
66351 35
66352 47
66353 46
66354 58
66355 45
66356 57
66357 56
66358 68
66359 44
66360 56
66361 55
66362 67
66363 54
66364 66
66365 65
66366 77
66367 27
66368 25
66369 37
66370 36
66371 23
66372 35
66373 34
66374 46
66375 35
66376 33
66377 45
66378 21
66379 33
66380 32
66381 44
66382 31
66383 43
66384 42
66385 54
66386 34
66387 32
66388 44
66389 43
66390 30
66391 42
66392 41
66393 53
66394 19
66395 31
66396 30
66397 42
66398 29
66399 41
66400 40
66401 52
66402 28
66403 40
66404 39
66405 51
66406 38
66407 50
66408 49
66409 61
66410 33
66411 31
66412 43
66413 42
66414 29
66415 41
66416 40
66417 52
66418 41
66419 39
66420 51
66421 27
66422 39
66423 38
66424 50
66425 37
66426 49
66427 48
66428 60
66429 17
66430 29
66431 28
66432 40
66433 27
66434 39
66435 38
66436 50
66437 26
66438 38
66439 37
66440 49
66441 36
66442 48
66443 47
66444 59
66445 25
66446 37
66447 36
66448 48
66449 35
66450 47
66451 46
66452 58
66453 34
66454 46
66455 45
66456 57
66457 44
66458 56
66459 55
66460 67
66461 32
66462 30
66463 42
66464 41
66465 28
66466 40
66467 39
66468 51
66469 40
66470 38
66471 50
66472 26
66473 38
66474 37
66475 49
66476 36
66477 48
66478 47
66479 59
66480 39
66481 37
66482 49
66483 48
66484 35
66485 47
66486 46
66487 58
66488 24
66489 36
66490 35
66491 47
66492 34
66493 46
66494 45
66495 57
66496 33
66497 45
66498 44
66499 56
66500 43
66501 55
66502 54
66503 66
66504 15
66505 27
66506 26
66507 38
66508 25
66509 37
66510 36
66511 48
66512 24
66513 36
66514 35
66515 47
66516 34
66517 46
66518 45
66519 57
66520 23
66521 35
66522 34
66523 46
66524 33
66525 45
66526 44
66527 56
66528 32
66529 44
66530 43
66531 55
66532 42
66533 54
66534 53
66535 65
66536 22
66537 34
66538 33
66539 45
66540 32
66541 44
66542 43
66543 55
66544 31
66545 43
66546 42
66547 54
66548 41
66549 53
66550 52
66551 64
66552 30
66553 42
66554 41
66555 53
66556 40
66557 52
66558 51
66559 63
66560 39
66561 51
66562 50
66563 62
66564 49
66565 61
66566 60
66567 72
66568 8
66569 20
66570 19
66571 31
66572 18
66573 30
66574 29
66575 41
66576 17
66577 29
66578 28
66579 40
66580 27
66581 39
66582 38
66583 50
66584 16
66585 28
66586 27
66587 39
66588 26
66589 38
66590 37
66591 49
66592 25
66593 37
66594 36
66595 48
66596 35
66597 47
66598 46
66599 58
66600 15
66601 27
66602 26
66603 38
66604 25
66605 37
66606 36
66607 48
66608 24
66609 36
66610 35
66611 47
66612 34
66613 46
66614 45
66615 57
66616 23
66617 35
66618 34
66619 46
66620 33
66621 45
66622 44
66623 56
66624 32
66625 44
66626 43
66627 55
66628 42
66629 54
66630 53
66631 65
66632 14
66633 26
66634 25
66635 37
66636 24
66637 36
66638 35
66639 47
66640 23
66641 35
66642 34
66643 46
66644 33
66645 45
66646 44
66647 56
66648 22
66649 34
66650 33
66651 45
66652 32
66653 44
66654 43
66655 55
66656 31
66657 43
66658 42
66659 54
66660 41
66661 53
66662 52
66663 64
66664 21
66665 33
66666 32
66667 44
66668 31
66669 43
66670 42
66671 54
66672 30
66673 42
66674 41
66675 53
66676 40
66677 52
66678 51
66679 63
66680 29
66681 41
66682 40
66683 52
66684 39
66685 51
66686 50
66687 62
66688 38
66689 50
66690 49
66691 61
66692 48
66693 60
66694 59
66695 71
66696 13
66697 25
66698 24
66699 36
66700 23
66701 35
66702 34
66703 46
66704 22
66705 34
66706 33
66707 45
66708 32
66709 44
66710 43
66711 55
66712 21
66713 33
66714 32
66715 44
66716 31
66717 43
66718 42
66719 54
66720 30
66721 42
66722 41
66723 53
66724 40
66725 52
66726 51
66727 63
66728 20
66729 32
66730 31
66731 43
66732 30
66733 42
66734 41
66735 53
66736 29
66737 41
66738 40
66739 52
66740 39
66741 51
66742 50
66743 62
66744 28
66745 40
66746 39
66747 51
66748 38
66749 50
66750 49
66751 61
66752 37
66753 49
66754 48
66755 60
66756 47
66757 59
66758 58
66759 70
66760 19
66761 31
66762 30
66763 42
66764 29
66765 41
66766 40
66767 52
66768 28
66769 40
66770 39
66771 51
66772 38
66773 50
66774 49
66775 61
66776 27
66777 39
66778 38
66779 50
66780 37
66781 49
66782 48
66783 60
66784 36
66785 48
66786 47
66787 59
66788 46
66789 58
66790 57
66791 69
66792 26
66793 38
66794 37
66795 49
66796 36
66797 48
66798 47
66799 59
66800 35
66801 47
66802 46
66803 58
66804 45
66805 57
66806 56
66807 68
66808 34
66809 46
66810 45
66811 57
66812 44
66813 56
66814 55
66815 67
66816 43
66817 55
66818 54
66819 66
66820 53
66821 65
66822 64
66823 76
66824 6
66825 18
66826 17
66827 29
66828 16
66829 28
66830 27
66831 39
66832 15
66833 27
66834 26
66835 38
66836 25
66837 37
66838 36
66839 48
66840 14
66841 26
66842 25
66843 37
66844 24
66845 36
66846 35
66847 47
66848 23
66849 35
66850 34
66851 46
66852 33
66853 45
66854 44
66855 56
66856 13
66857 25
66858 24
66859 36
66860 23
66861 35
66862 34
66863 46
66864 22
66865 34
66866 33
66867 45
66868 32
66869 44
66870 43
66871 55
66872 21
66873 33
66874 32
66875 44
66876 31
66877 43
66878 42
66879 54
66880 30
66881 42
66882 41
66883 53
66884 40
66885 52
66886 51
66887 63
66888 12
66889 24
66890 23
66891 35
66892 22
66893 34
66894 33
66895 45
66896 21
66897 33
66898 32
66899 44
66900 31
66901 43
66902 42
66903 54
66904 20
66905 32
66906 31
66907 43
66908 30
66909 42
66910 41
66911 53
66912 29
66913 41
66914 40
66915 52
66916 39
66917 51
66918 50
66919 62
66920 19
66921 31
66922 30
66923 42
66924 29
66925 41
66926 40
66927 52
66928 28
66929 40
66930 39
66931 51
66932 38
66933 50
66934 49
66935 61
66936 27
66937 39
66938 38
66939 50
66940 37
66941 49
66942 48
66943 60
66944 36
66945 48
66946 47
66947 59
66948 46
66949 58
66950 57
66951 69
66952 11
66953 23
66954 22
66955 34
66956 21
66957 33
66958 32
66959 44
66960 20
66961 32
66962 31
66963 43
66964 30
66965 42
66966 41
66967 53
66968 19
66969 31
66970 30
66971 42
66972 29
66973 41
66974 40
66975 52
66976 28
66977 40
66978 39
66979 51
66980 38
66981 50
66982 49
66983 61
66984 18
66985 30
66986 29
66987 41
66988 28
66989 40
66990 39
66991 51
66992 27
66993 39
66994 38
66995 50
66996 37
66997 49
66998 48
66999 60
67000 26
67001 38
67002 37
67003 49
67004 36
67005 48
67006 47
67007 59
67008 35
67009 47
67010 46
67011 58
67012 45
67013 57
67014 56
67015 68
67016 17
67017 29
67018 28
67019 40
67020 27
67021 39
67022 38
67023 50
67024 26
67025 38
67026 37
67027 49
67028 36
67029 48
67030 47
67031 59
67032 25
67033 37
67034 36
67035 48
67036 35
67037 47
67038 46
67039 58
67040 34
67041 46
67042 45
67043 57
67044 44
67045 56
67046 55
67047 67
67048 24
67049 36
67050 35
67051 47
67052 34
67053 46
67054 45
67055 57
67056 33
67057 45
67058 44
67059 56
67060 43
67061 55
67062 54
67063 66
67064 32
67065 44
67066 43
67067 55
67068 42
67069 54
67070 53
67071 65
67072 41
67073 53
67074 52
67075 64
67076 51
67077 63
67078 62
67079 74
67080 10
67081 22
67082 21
67083 33
67084 20
67085 32
67086 31
67087 43
67088 19
67089 31
67090 30
67091 42
67092 29
67093 41
67094 40
67095 52
67096 18
67097 30
67098 29
67099 41
67100 28
67101 40
67102 39
67103 51
67104 27
67105 39
67106 38
67107 50
67108 37
67109 49
67110 48
67111 60
67112 17
67113 29
67114 28
67115 40
67116 27
67117 39
67118 38
67119 50
67120 26
67121 38
67122 37
67123 49
67124 36
67125 48
67126 47
67127 59
67128 25
67129 37
67130 36
67131 48
67132 35
67133 47
67134 46
67135 58
67136 34
67137 46
67138 45
67139 57
67140 44
67141 56
67142 55
67143 67
67144 16
67145 28
67146 27
67147 39
67148 26
67149 38
67150 37
67151 49
67152 25
67153 37
67154 36
67155 48
67156 35
67157 47
67158 46
67159 58
67160 24
67161 36
67162 35
67163 47
67164 34
67165 46
67166 45
67167 57
67168 33
67169 45
67170 44
67171 56
67172 43
67173 55
67174 54
67175 66
67176 23
67177 35
67178 34
67179 46
67180 33
67181 45
67182 44
67183 56
67184 32
67185 44
67186 43
67187 55
67188 42
67189 54
67190 53
67191 65
67192 31
67193 43
67194 42
67195 54
67196 41
67197 53
67198 52
67199 64
67200 40
67201 52
67202 51
67203 63
67204 50
67205 62
67206 61
67207 73
67208 15
67209 27
67210 26
67211 38
67212 25
67213 37
67214 36
67215 48
67216 24
67217 36
67218 35
67219 47
67220 34
67221 46
67222 45
67223 57
67224 23
67225 35
67226 34
67227 46
67228 33
67229 45
67230 44
67231 56
67232 32
67233 44
67234 43
67235 55
67236 42
67237 54
67238 53
67239 65
67240 22
67241 34
67242 33
67243 45
67244 32
67245 44
67246 43
67247 55
67248 31
67249 43
67250 42
67251 54
67252 41
67253 53
67254 52
67255 64
67256 30
67257 42
67258 41
67259 53
67260 40
67261 52
67262 51
67263 63
67264 39
67265 51
67266 50
67267 62
67268 49
67269 61
67270 60
67271 72
67272 21
67273 33
67274 32
67275 44
67276 31
67277 43
67278 42
67279 54
67280 30
67281 42
67282 41
67283 53
67284 40
67285 52
67286 51
67287 63
67288 29
67289 41
67290 40
67291 52
67292 39
67293 51
67294 50
67295 62
67296 38
67297 50
67298 49
67299 61
67300 48
67301 60
67302 59
67303 71
67304 28
67305 40
67306 39
67307 51
67308 38
67309 50
67310 49
67311 61
67312 37
67313 49
67314 48
67315 60
67316 47
67317 59
67318 58
67319 70
67320 36
67321 48
67322 47
67323 59
67324 46
67325 58
67326 57
67327 69
67328 45
67329 57
67330 56
67331 68
67332 55
67333 67
67334 66
67335 78
67336 7
67337 19
67338 18
67339 30
67340 17
67341 29
67342 28
67343 40
67344 16
67345 28
67346 27
67347 39
67348 26
67349 38
67350 37
67351 49
67352 15
67353 27
67354 26
67355 38
67356 25
67357 37
67358 36
67359 48
67360 24
67361 36
67362 35
67363 47
67364 34
67365 46
67366 45
67367 57
67368 14
67369 26
67370 25
67371 37
67372 24
67373 36
67374 35
67375 47
67376 23
67377 35
67378 34
67379 46
67380 33
67381 45
67382 44
67383 56
67384 22
67385 34
67386 33
67387 45
67388 32
67389 44
67390 43
67391 55
67392 31
67393 43
67394 42
67395 54
67396 41
67397 53
67398 52
67399 64
67400 13
67401 25
67402 24
67403 36
67404 23
67405 35
67406 34
67407 46
67408 22
67409 34
67410 33
67411 45
67412 32
67413 44
67414 43
67415 55
67416 21
67417 33
67418 32
67419 44
67420 31
67421 43
67422 42
67423 54
67424 30
67425 42
67426 41
67427 53
67428 40
67429 52
67430 51
67431 63
67432 20
67433 32
67434 31
67435 43
67436 30
67437 42
67438 41
67439 53
67440 29
67441 41
67442 40
67443 52
67444 39
67445 51
67446 50
67447 62
67448 28
67449 40
67450 39
67451 51
67452 38
67453 50
67454 49
67455 61
67456 37
67457 49
67458 48
67459 60
67460 47
67461 59
67462 58
67463 70
67464 12
67465 24
67466 23
67467 35
67468 22
67469 34
67470 33
67471 45
67472 21
67473 33
67474 32
67475 44
67476 31
67477 43
67478 42
67479 54
67480 20
67481 32
67482 31
67483 43
67484 30
67485 42
67486 41
67487 53
67488 29
67489 41
67490 40
67491 52
67492 39
67493 51
67494 50
67495 62
67496 19
67497 31
67498 30
67499 42
67500 29
67501 41
67502 40
67503 52
67504 28
67505 40
67506 39
67507 51
67508 38
67509 50
67510 49
67511 61
67512 27
67513 39
67514 38
67515 50
67516 37
67517 49
67518 48
67519 60
67520 36
67521 48
67522 47
67523 59
67524 46
67525 58
67526 57
67527 69
67528 18
67529 30
67530 29
67531 41
67532 28
67533 40
67534 39
67535 51
67536 27
67537 39
67538 38
67539 50
67540 37
67541 49
67542 48
67543 60
67544 26
67545 38
67546 37
67547 49
67548 36
67549 48
67550 47
67551 59
67552 35
67553 47
67554 46
67555 58
67556 45
67557 57
67558 56
67559 68
67560 25
67561 37
67562 36
67563 48
67564 35
67565 47
67566 46
67567 58
67568 34
67569 46
67570 45
67571 57
67572 44
67573 56
67574 55
67575 67
67576 33
67577 45
67578 44
67579 56
67580 43
67581 55
67582 54
67583 66
67584 42
67585 54
67586 53
67587 65
67588 52
67589 64
67590 63
67591 75
67592 9
67593 21
67594 20
67595 32
67596 19
67597 31
67598 30
67599 42
67600 18
67601 30
67602 29
67603 41
67604 28
67605 40
67606 39
67607 51
67608 17
67609 29
67610 28
67611 40
67612 27
67613 39
67614 38
67615 50
67616 26
67617 38
67618 37
67619 49
67620 36
67621 48
67622 47
67623 59
67624 16
67625 28
67626 27
67627 39
67628 26
67629 38
67630 37
67631 49
67632 25
67633 37
67634 36
67635 48
67636 35
67637 47
67638 46
67639 58
67640 24
67641 36
67642 35
67643 47
67644 34
67645 46
67646 45
67647 57
67648 33
67649 45
67650 44
67651 56
67652 43
67653 55
67654 54
67655 66
67656 15
67657 27
67658 26
67659 38
67660 25
67661 37
67662 36
67663 48
67664 24
67665 36
67666 35
67667 47
67668 34
67669 46
67670 45
67671 57
67672 23
67673 35
67674 34
67675 46
67676 33
67677 45
67678 44
67679 56
67680 32
67681 44
67682 43
67683 55
67684 42
67685 54
67686 53
67687 65
67688 22
67689 34
67690 33
67691 45
67692 32
67693 44
67694 43
67695 55
67696 31
67697 43
67698 42
67699 54
67700 41
67701 53
67702 52
67703 64
67704 30
67705 42
67706 41
67707 53
67708 40
67709 52
67710 51
67711 63
67712 39
67713 51
67714 50
67715 62
67716 49
67717 61
67718 60
67719 72
67720 14
67721 26
67722 25
67723 37
67724 24
67725 36
67726 35
67727 47
67728 23
67729 35
67730 34
67731 46
67732 33
67733 45
67734 44
67735 56
67736 22
67737 34
67738 33
67739 45
67740 32
67741 44
67742 43
67743 55
67744 31
67745 43
67746 42
67747 54
67748 41
67749 53
67750 52
67751 64
67752 21
67753 33
67754 32
67755 44
67756 31
67757 43
67758 42
67759 54
67760 30
67761 42
67762 41
67763 53
67764 40
67765 52
67766 51
67767 63
67768 29
67769 41
67770 40
67771 52
67772 39
67773 51
67774 50
67775 62
67776 38
67777 50
67778 49
67779 61
67780 48
67781 60
67782 59
67783 71
67784 20
67785 32
67786 31
67787 43
67788 30
67789 42
67790 41
67791 53
67792 29
67793 41
67794 40
67795 52
67796 39
67797 51
67798 50
67799 62
67800 28
67801 40
67802 39
67803 51
67804 38
67805 50
67806 49
67807 61
67808 37
67809 49
67810 48
67811 60
67812 47
67813 59
67814 58
67815 70
67816 27
67817 39
67818 38
67819 50
67820 37
67821 49
67822 48
67823 60
67824 36
67825 48
67826 47
67827 59
67828 46
67829 58
67830 57
67831 69
67832 35
67833 47
67834 46
67835 58
67836 45
67837 57
67838 56
67839 68
67840 44
67841 56
67842 55
67843 67
67844 54
67845 66
67846 65
67847 77
67848 28
67849 26
67850 38
67851 37
67852 24
67853 36
67854 35
67855 47
67856 36
67857 34
67858 46
67859 22
67860 34
67861 33
67862 45
67863 32
67864 44
67865 43
67866 55
67867 35
67868 33
67869 45
67870 44
67871 31
67872 43
67873 42
67874 54
67875 20
67876 32
67877 31
67878 43
67879 30
67880 42
67881 41
67882 53
67883 29
67884 41
67885 40
67886 52
67887 39
67888 51
67889 50
67890 62
67891 34
67892 32
67893 44
67894 43
67895 30
67896 42
67897 41
67898 53
67899 42
67900 40
67901 52
67902 28
67903 40
67904 39
67905 51
67906 38
67907 50
67908 49
67909 61
67910 18
67911 30
67912 29
67913 41
67914 28
67915 40
67916 39
67917 51
67918 27
67919 39
67920 38
67921 50
67922 37
67923 49
67924 48
67925 60
67926 26
67927 38
67928 37
67929 49
67930 36
67931 48
67932 47
67933 59
67934 35
67935 47
67936 46
67937 58
67938 45
67939 57
67940 56
67941 68
67942 10
67943 22
67944 21
67945 33
67946 20
67947 32
67948 31
67949 43
67950 19
67951 31
67952 30
67953 42
67954 29
67955 41
67956 40
67957 52
67958 18
67959 30
67960 29
67961 41
67962 28
67963 40
67964 39
67965 51
67966 27
67967 39
67968 38
67969 50
67970 37
67971 49
67972 48
67973 60
67974 17
67975 29
67976 28
67977 40
67978 27
67979 39
67980 38
67981 50
67982 26
67983 38
67984 37
67985 49
67986 36
67987 48
67988 47
67989 59
67990 25
67991 37
67992 36
67993 48
67994 35
67995 47
67996 46
67997 58
67998 34
67999 46
68000 45
68001 57
68002 44
68003 56
68004 55
68005 67
68006 16
68007 28
68008 27
68009 39
68010 26
68011 38
68012 37
68013 49
68014 25
68015 37
68016 36
68017 48
68018 35
68019 47
68020 46
68021 58
68022 24
68023 36
68024 35
68025 47
68026 34
68027 46
68028 45
68029 57
68030 33
68031 45
68032 44
68033 56
68034 43
68035 55
68036 54
68037 66
68038 23
68039 35
68040 34
68041 46
68042 33
68043 45
68044 44
68045 56
68046 32
68047 44
68048 43
68049 55
68050 42
68051 54
68052 53
68053 65
68054 31
68055 43
68056 42
68057 54
68058 41
68059 53
68060 52
68061 64
68062 40
68063 52
68064 51
68065 63
68066 50
68067 62
68068 61
68069 73
68070 8
68071 20
68072 19
68073 31
68074 18
68075 30
68076 29
68077 41
68078 17
68079 29
68080 28
68081 40
68082 27
68083 39
68084 38
68085 50
68086 16
68087 28
68088 27
68089 39
68090 26
68091 38
68092 37
68093 49
68094 25
68095 37
68096 36
68097 48
68098 35
68099 47
68100 46
68101 58
68102 15
68103 27
68104 26
68105 38
68106 25
68107 37
68108 36
68109 48
68110 24
68111 36
68112 35
68113 47
68114 34
68115 46
68116 45
68117 57
68118 23
68119 35
68120 34
68121 46
68122 33
68123 45
68124 44
68125 56
68126 32
68127 44
68128 43
68129 55
68130 42
68131 54
68132 53
68133 65
68134 14
68135 26
68136 25
68137 37
68138 24
68139 36
68140 35
68141 47
68142 23
68143 35
68144 34
68145 46
68146 33
68147 45
68148 44
68149 56
68150 22
68151 34
68152 33
68153 45
68154 32
68155 44
68156 43
68157 55
68158 31
68159 43
68160 42
68161 54
68162 41
68163 53
68164 52
68165 64
68166 21
68167 33
68168 32
68169 44
68170 31
68171 43
68172 42
68173 54
68174 30
68175 42
68176 41
68177 53
68178 40
68179 52
68180 51
68181 63
68182 29
68183 41
68184 40
68185 52
68186 39
68187 51
68188 50
68189 62
68190 38
68191 50
68192 49
68193 61
68194 48
68195 60
68196 59
68197 71
68198 13
68199 25
68200 24
68201 36
68202 23
68203 35
68204 34
68205 46
68206 22
68207 34
68208 33
68209 45
68210 32
68211 44
68212 43
68213 55
68214 21
68215 33
68216 32
68217 44
68218 31
68219 43
68220 42
68221 54
68222 30
68223 42
68224 41
68225 53
68226 40
68227 52
68228 51
68229 63
68230 20
68231 32
68232 31
68233 43
68234 30
68235 42
68236 41
68237 53
68238 29
68239 41
68240 40
68241 52
68242 39
68243 51
68244 50
68245 62
68246 28
68247 40
68248 39
68249 51
68250 38
68251 50
68252 49
68253 61
68254 37
68255 49
68256 48
68257 60
68258 47
68259 59
68260 58
68261 70
68262 19
68263 31
68264 30
68265 42
68266 29
68267 41
68268 40
68269 52
68270 28
68271 40
68272 39
68273 51
68274 38
68275 50
68276 49
68277 61
68278 27
68279 39
68280 38
68281 50
68282 37
68283 49
68284 48
68285 60
68286 36
68287 48
68288 47
68289 59
68290 46
68291 58
68292 57
68293 69
68294 26
68295 38
68296 37
68297 49
68298 36
68299 48
68300 47
68301 59
68302 35
68303 47
68304 46
68305 58
68306 45
68307 57
68308 56
68309 68
68310 34
68311 46
68312 45
68313 57
68314 44
68315 56
68316 55
68317 67
68318 43
68319 55
68320 54
68321 66
68322 53
68323 65
68324 64
68325 76
68326 30
68327 28
68328 40
68329 39
68330 26
68331 38
68332 37
68333 49
68334 38
68335 36
68336 48
68337 24
68338 36
68339 35
68340 47
68341 34
68342 46
68343 45
68344 57
68345 37
68346 35
68347 47
68348 46
68349 33
68350 45
68351 44
68352 56
68353 22
68354 34
68355 33
68356 45
68357 32
68358 44
68359 43
68360 55
68361 31
68362 43
68363 42
68364 54
68365 41
68366 53
68367 52
68368 64
68369 36
68370 34
68371 46
68372 45
68373 32
68374 44
68375 43
68376 55
68377 44
68378 42
68379 54
68380 30
68381 42
68382 41
68383 53
68384 40
68385 52
68386 51
68387 63
68388 20
68389 32
68390 31
68391 43
68392 30
68393 42
68394 41
68395 53
68396 29
68397 41
68398 40
68399 52
68400 39
68401 51
68402 50
68403 62
68404 28
68405 40
68406 39
68407 51
68408 38
68409 50
68410 49
68411 61
68412 37
68413 49
68414 48
68415 60
68416 47
68417 59
68418 58
68419 70
68420 12
68421 24
68422 23
68423 35
68424 22
68425 34
68426 33
68427 45
68428 21
68429 33
68430 32
68431 44
68432 31
68433 43
68434 42
68435 54
68436 20
68437 32
68438 31
68439 43
68440 30
68441 42
68442 41
68443 53
68444 29
68445 41
68446 40
68447 52
68448 39
68449 51
68450 50
68451 62
68452 19
68453 31
68454 30
68455 42
68456 29
68457 41
68458 40
68459 52
68460 28
68461 40
68462 39
68463 51
68464 38
68465 50
68466 49
68467 61
68468 27
68469 39
68470 38
68471 50
68472 37
68473 49
68474 48
68475 60
68476 36
68477 48
68478 47
68479 59
68480 46
68481 58
68482 57
68483 69
68484 18
68485 30
68486 29
68487 41
68488 28
68489 40
68490 39
68491 51
68492 27
68493 39
68494 38
68495 50
68496 37
68497 49
68498 48
68499 60
68500 26
68501 38
68502 37
68503 49
68504 36
68505 48
68506 47
68507 59
68508 35
68509 47
68510 46
68511 58
68512 45
68513 57
68514 56
68515 68
68516 25
68517 37
68518 36
68519 48
68520 35
68521 47
68522 46
68523 58
68524 34
68525 46
68526 45
68527 57
68528 44
68529 56
68530 55
68531 67
68532 33
68533 45
68534 44
68535 56
68536 43
68537 55
68538 54
68539 66
68540 42
68541 54
68542 53
68543 65
68544 52
68545 64
68546 63
68547 75
68548 10
68549 22
68550 21
68551 33
68552 20
68553 32
68554 31
68555 43
68556 19
68557 31
68558 30
68559 42
68560 29
68561 41
68562 40
68563 52
68564 18
68565 30
68566 29
68567 41
68568 28
68569 40
68570 39
68571 51
68572 27
68573 39
68574 38
68575 50
68576 37
68577 49
68578 48
68579 60
68580 17
68581 29
68582 28
68583 40
68584 27
68585 39
68586 38
68587 50
68588 26
68589 38
68590 37
68591 49
68592 36
68593 48
68594 47
68595 59
68596 25
68597 37
68598 36
68599 48
68600 35
68601 47
68602 46
68603 58
68604 34
68605 46
68606 45
68607 57
68608 44
68609 56
68610 55
68611 67
68612 16
68613 28
68614 27
68615 39
68616 26
68617 38
68618 37
68619 49
68620 25
68621 37
68622 36
68623 48
68624 35
68625 47
68626 46
68627 58
68628 24
68629 36
68630 35
68631 47
68632 34
68633 46
68634 45
68635 57
68636 33
68637 45
68638 44
68639 56
68640 43
68641 55
68642 54
68643 66
68644 23
68645 35
68646 34
68647 46
68648 33
68649 45
68650 44
68651 56
68652 32
68653 44
68654 43
68655 55
68656 42
68657 54
68658 53
68659 65
68660 31
68661 43
68662 42
68663 54
68664 41
68665 53
68666 52
68667 64
68668 40
68669 52
68670 51
68671 63
68672 50
68673 62
68674 61
68675 73
68676 15
68677 27
68678 26
68679 38
68680 25
68681 37
68682 36
68683 48
68684 24
68685 36
68686 35
68687 47
68688 34
68689 46
68690 45
68691 57
68692 23
68693 35
68694 34
68695 46
68696 33
68697 45
68698 44
68699 56
68700 32
68701 44
68702 43
68703 55
68704 42
68705 54
68706 53
68707 65
68708 22
68709 34
68710 33
68711 45
68712 32
68713 44
68714 43
68715 55
68716 31
68717 43
68718 42
68719 54
68720 41
68721 53
68722 52
68723 64
68724 30
68725 42
68726 41
68727 53
68728 40
68729 52
68730 51
68731 63
68732 39
68733 51
68734 50
68735 62
68736 49
68737 61
68738 60
68739 72
68740 21
68741 33
68742 32
68743 44
68744 31
68745 43
68746 42
68747 54
68748 30
68749 42
68750 41
68751 53
68752 40
68753 52
68754 51
68755 63
68756 29
68757 41
68758 40
68759 52
68760 39
68761 51
68762 50
68763 62
68764 38
68765 50
68766 49
68767 61
68768 48
68769 60
68770 59
68771 71
68772 28
68773 40
68774 39
68775 51
68776 38
68777 50
68778 49
68779 61
68780 37
68781 49
68782 48
68783 60
68784 47
68785 59
68786 58
68787 70
68788 36
68789 48
68790 47
68791 59
68792 46
68793 58
68794 57
68795 69
68796 45
68797 57
68798 56
68799 68
68800 55
68801 67
68802 66
68803 78
68804 12
68805 24
68806 23
68807 35
68808 22
68809 34
68810 33
68811 45
68812 21
68813 33
68814 32
68815 44
68816 31
68817 43
68818 42
68819 54
68820 20
68821 32
68822 31
68823 43
68824 30
68825 42
68826 41
68827 53
68828 29
68829 41
68830 40
68831 52
68832 39
68833 51
68834 50
68835 62
68836 19
68837 31
68838 30
68839 42
68840 29
68841 41
68842 40
68843 52
68844 28
68845 40
68846 39
68847 51
68848 38
68849 50
68850 49
68851 61
68852 27
68853 39
68854 38
68855 50
68856 37
68857 49
68858 48
68859 60
68860 36
68861 48
68862 47
68863 59
68864 46
68865 58
68866 57
68867 69
68868 18
68869 30
68870 29
68871 41
68872 28
68873 40
68874 39
68875 51
68876 27
68877 39
68878 38
68879 50
68880 37
68881 49
68882 48
68883 60
68884 26
68885 38
68886 37
68887 49
68888 36
68889 48
68890 47
68891 59
68892 35
68893 47
68894 46
68895 58
68896 45
68897 57
68898 56
68899 68
68900 25
68901 37
68902 36
68903 48
68904 35
68905 47
68906 46
68907 58
68908 34
68909 46
68910 45
68911 57
68912 44
68913 56
68914 55
68915 67
68916 33
68917 45
68918 44
68919 56
68920 43
68921 55
68922 54
68923 66
68924 42
68925 54
68926 53
68927 65
68928 52
68929 64
68930 63
68931 75
68932 11
68933 23
68934 22
68935 34
68936 21
68937 33
68938 32
68939 44
68940 20
68941 32
68942 31
68943 43
68944 30
68945 42
68946 41
68947 53
68948 19
68949 31
68950 30
68951 42
68952 29
68953 41
68954 40
68955 52
68956 28
68957 40
68958 39
68959 51
68960 38
68961 50
68962 49
68963 61
68964 18
68965 30
68966 29
68967 41
68968 28
68969 40
68970 39
68971 51
68972 27
68973 39
68974 38
68975 50
68976 37
68977 49
68978 48
68979 60
68980 26
68981 38
68982 37
68983 49
68984 36
68985 48
68986 47
68987 59
68988 35
68989 47
68990 46
68991 58
68992 45
68993 57
68994 56
68995 68
68996 17
68997 29
68998 28
68999 40
69000 27
69001 39
69002 38
69003 50
69004 26
69005 38
69006 37
69007 49
69008 36
69009 48
69010 47
69011 59
69012 25
69013 37
69014 36
69015 48
69016 35
69017 47
69018 46
69019 58
69020 34
69021 46
69022 45
69023 57
69024 44
69025 56
69026 55
69027 67
69028 24
69029 36
69030 35
69031 47
69032 34
69033 46
69034 45
69035 57
69036 33
69037 45
69038 44
69039 56
69040 43
69041 55
69042 54
69043 66
69044 32
69045 44
69046 43
69047 55
69048 42
69049 54
69050 53
69051 65
69052 41
69053 53
69054 52
69055 64
69056 51
69057 63
69058 62
69059 74
69060 14
69061 26
69062 25
69063 37
69064 24
69065 36
69066 35
69067 47
69068 23
69069 35
69070 34
69071 46
69072 33
69073 45
69074 44
69075 56
69076 22
69077 34
69078 33
69079 45
69080 32
69081 44
69082 43
69083 55
69084 31
69085 43
69086 42
69087 54
69088 41
69089 53
69090 52
69091 64
69092 21
69093 33
69094 32
69095 44
69096 31
69097 43
69098 42
69099 54
69100 30
69101 42
69102 41
69103 53
69104 40
69105 52
69106 51
69107 63
69108 29
69109 41
69110 40
69111 52
69112 39
69113 51
69114 50
69115 62
69116 38
69117 50
69118 49
69119 61
69120 48
69121 60
69122 59
69123 71
69124 20
69125 32
69126 31
69127 43
69128 30
69129 42
69130 41
69131 53
69132 29
69133 41
69134 40
69135 52
69136 39
69137 51
69138 50
69139 62
69140 28
69141 40
69142 39
69143 51
69144 38
69145 50
69146 49
69147 61
69148 37
69149 49
69150 48
69151 60
69152 47
69153 59
69154 58
69155 70
69156 27
69157 39
69158 38
69159 50
69160 37
69161 49
69162 48
69163 60
69164 36
69165 48
69166 47
69167 59
69168 46
69169 58
69170 57
69171 69
69172 35
69173 47
69174 46
69175 58
69176 45
69177 57
69178 56
69179 68
69180 44
69181 56
69182 55
69183 67
69184 54
69185 66
69186 65
69187 77
69188 32
69189 30
69190 42
69191 41
69192 28
69193 40
69194 39
69195 51
69196 40
69197 38
69198 50
69199 26
69200 38
69201 37
69202 49
69203 36
69204 48
69205 47
69206 59
69207 39
69208 37
69209 49
69210 48
69211 35
69212 47
69213 46
69214 58
69215 24
69216 36
69217 35
69218 47
69219 34
69220 46
69221 45
69222 57
69223 33
69224 45
69225 44
69226 56
69227 43
69228 55
69229 54
69230 66
69231 15
69232 27
69233 26
69234 38
69235 25
69236 37
69237 36
69238 48
69239 24
69240 36
69241 35
69242 47
69243 34
69244 46
69245 45
69246 57
69247 23
69248 35
69249 34
69250 46
69251 33
69252 45
69253 44
69254 56
69255 32
69256 44
69257 43
69258 55
69259 42
69260 54
69261 53
69262 65
69263 22
69264 34
69265 33
69266 45
69267 32
69268 44
69269 43
69270 55
69271 31
69272 43
69273 42
69274 54
69275 41
69276 53
69277 52
69278 64
69279 30
69280 42
69281 41
69282 53
69283 40
69284 52
69285 51
69286 63
69287 39
69288 51
69289 50
69290 62
69291 49
69292 61
69293 60
69294 72
69295 13
69296 25
69297 24
69298 36
69299 23
69300 35
69301 34
69302 46
69303 22
69304 34
69305 33
69306 45
69307 32
69308 44
69309 43
69310 55
69311 21
69312 33
69313 32
69314 44
69315 31
69316 43
69317 42
69318 54
69319 30
69320 42
69321 41
69322 53
69323 40
69324 52
69325 51
69326 63
69327 20
69328 32
69329 31
69330 43
69331 30
69332 42
69333 41
69334 53
69335 29
69336 41
69337 40
69338 52
69339 39
69340 51
69341 50
69342 62
69343 28
69344 40
69345 39
69346 51
69347 38
69348 50
69349 49
69350 61
69351 37
69352 49
69353 48
69354 60
69355 47
69356 59
69357 58
69358 70
69359 19
69360 31
69361 30
69362 42
69363 29
69364 41
69365 40
69366 52
69367 28
69368 40
69369 39
69370 51
69371 38
69372 50
69373 49
69374 61
69375 27
69376 39
69377 38
69378 50
69379 37
69380 49
69381 48
69382 60
69383 36
69384 48
69385 47
69386 59
69387 46
69388 58
69389 57
69390 69
69391 26
69392 38
69393 37
69394 49
69395 36
69396 48
69397 47
69398 59
69399 35
69400 47
69401 46
69402 58
69403 45
69404 57
69405 56
69406 68
69407 34
69408 46
69409 45
69410 57
69411 44
69412 56
69413 55
69414 67
69415 43
69416 55
69417 54
69418 66
69419 53
69420 65
69421 64
69422 76
69423 31
69424 29
69425 41
69426 40
69427 27
69428 39
69429 38
69430 50
69431 39
69432 37
69433 49
69434 25
69435 37
69436 36
69437 48
69438 35
69439 47
69440 46
69441 58
69442 38
69443 36
69444 48
69445 47
69446 34
69447 46
69448 45
69449 57
69450 23
69451 35
69452 34
69453 46
69454 33
69455 45
69456 44
69457 56
69458 32
69459 44
69460 43
69461 55
69462 42
69463 54
69464 53
69465 65
69466 14
69467 26
69468 25
69469 37
69470 24
69471 36
69472 35
69473 47
69474 23
69475 35
69476 34
69477 46
69478 33
69479 45
69480 44
69481 56
69482 22
69483 34
69484 33
69485 45
69486 32
69487 44
69488 43
69489 55
69490 31
69491 43
69492 42
69493 54
69494 41
69495 53
69496 52
69497 64
69498 21
69499 33
69500 32
69501 44
69502 31
69503 43
69504 42
69505 54
69506 30
69507 42
69508 41
69509 53
69510 40
69511 52
69512 51
69513 63
69514 29
69515 41
69516 40
69517 52
69518 39
69519 51
69520 50
69521 62
69522 38
69523 50
69524 49
69525 61
69526 48
69527 60
69528 59
69529 71
69530 12
69531 24
69532 23
69533 35
69534 22
69535 34
69536 33
69537 45
69538 21
69539 33
69540 32
69541 44
69542 31
69543 43
69544 42
69545 54
69546 20
69547 32
69548 31
69549 43
69550 30
69551 42
69552 41
69553 53
69554 29
69555 41
69556 40
69557 52
69558 39
69559 51
69560 50
69561 62
69562 19
69563 31
69564 30
69565 42
69566 29
69567 41
69568 40
69569 52
69570 28
69571 40
69572 39
69573 51
69574 38
69575 50
69576 49
69577 61
69578 27
69579 39
69580 38
69581 50
69582 37
69583 49
69584 48
69585 60
69586 36
69587 48
69588 47
69589 59
69590 46
69591 58
69592 57
69593 69
69594 18
69595 30
69596 29
69597 41
69598 28
69599 40
69600 39
69601 51
69602 27
69603 39
69604 38
69605 50
69606 37
69607 49
69608 48
69609 60
69610 26
69611 38
69612 37
69613 49
69614 36
69615 48
69616 47
69617 59
69618 35
69619 47
69620 46
69621 58
69622 45
69623 57
69624 56
69625 68
69626 25
69627 37
69628 36
69629 48
69630 35
69631 47
69632 46
69633 58
69634 34
69635 46
69636 45
69637 57
69638 44
69639 56
69640 55
69641 67
69642 33
69643 45
69644 44
69645 56
69646 43
69647 55
69648 54
69649 66
69650 42
69651 54
69652 53
69653 65
69654 52
69655 64
69656 63
69657 75
69658 11
69659 23
69660 22
69661 34
69662 21
69663 33
69664 32
69665 44
69666 20
69667 32
69668 31
69669 43
69670 30
69671 42
69672 41
69673 53
69674 19
69675 31
69676 30
69677 42
69678 29
69679 41
69680 40
69681 52
69682 28
69683 40
69684 39
69685 51
69686 38
69687 50
69688 49
69689 61
69690 18
69691 30
69692 29
69693 41
69694 28
69695 40
69696 39
69697 51
69698 27
69699 39
69700 38
69701 50
69702 37
69703 49
69704 48
69705 60
69706 26
69707 38
69708 37
69709 49
69710 36
69711 48
69712 47
69713 59
69714 35
69715 47
69716 46
69717 58
69718 45
69719 57
69720 56
69721 68
69722 17
69723 29
69724 28
69725 40
69726 27
69727 39
69728 38
69729 50
69730 26
69731 38
69732 37
69733 49
69734 36
69735 48
69736 47
69737 59
69738 25
69739 37
69740 36
69741 48
69742 35
69743 47
69744 46
69745 58
69746 34
69747 46
69748 45
69749 57
69750 44
69751 56
69752 55
69753 67
69754 24
69755 36
69756 35
69757 47
69758 34
69759 46
69760 45
69761 57
69762 33
69763 45
69764 44
69765 56
69766 43
69767 55
69768 54
69769 66
69770 32
69771 44
69772 43
69773 55
69774 42
69775 54
69776 53
69777 65
69778 41
69779 53
69780 52
69781 64
69782 51
69783 63
69784 62
69785 74
69786 15
69787 27
69788 26
69789 38
69790 25
69791 37
69792 36
69793 48
69794 24
69795 36
69796 35
69797 47
69798 34
69799 46
69800 45
69801 57
69802 23
69803 35
69804 34
69805 46
69806 33
69807 45
69808 44
69809 56
69810 32
69811 44
69812 43
69813 55
69814 42
69815 54
69816 53
69817 65
69818 22
69819 34
69820 33
69821 45
69822 32
69823 44
69824 43
69825 55
69826 31
69827 43
69828 42
69829 54
69830 41
69831 53
69832 52
69833 64
69834 30
69835 42
69836 41
69837 53
69838 40
69839 52
69840 51
69841 63
69842 39
69843 51
69844 50
69845 62
69846 49
69847 61
69848 60
69849 72
69850 21
69851 33
69852 32
69853 44
69854 31
69855 43
69856 42
69857 54
69858 30
69859 42
69860 41
69861 53
69862 40
69863 52
69864 51
69865 63
69866 29
69867 41
69868 40
69869 52
69870 39
69871 51
69872 50
69873 62
69874 38
69875 50
69876 49
69877 61
69878 48
69879 60
69880 59
69881 71
69882 28
69883 40
69884 39
69885 51
69886 38
69887 50
69888 49
69889 61
69890 37
69891 49
69892 48
69893 60
69894 47
69895 59
69896 58
69897 70
69898 36
69899 48
69900 47
69901 59
69902 46
69903 58
69904 57
69905 69
69906 45
69907 57
69908 56
69909 68
69910 55
69911 67
69912 66
69913 78
69914 18
69915 30
69916 29
69917 41
69918 28
69919 40
69920 39
69921 51
69922 27
69923 39
69924 38
69925 50
69926 37
69927 49
69928 48
69929 60
69930 26
69931 38
69932 37
69933 49
69934 36
69935 48
69936 47
69937 59
69938 35
69939 47
69940 46
69941 58
69942 45
69943 57
69944 56
69945 68
69946 25
69947 37
69948 36
69949 48
69950 35
69951 47
69952 46
69953 58
69954 34
69955 46
69956 45
69957 57
69958 44
69959 56
69960 55
69961 67
69962 33
69963 45
69964 44
69965 56
69966 43
69967 55
69968 54
69969 66
69970 42
69971 54
69972 53
69973 65
69974 52
69975 64
69976 63
69977 75
69978 13
69979 25
69980 24
69981 36
69982 23
69983 35
69984 34
69985 46
69986 22
69987 34
69988 33
69989 45
69990 32
69991 44
69992 43
69993 55
69994 21
69995 33
69996 32
69997 44
69998 31
69999 43
70000 42
70001 54
70002 30
70003 42
70004 41
70005 53
70006 40
70007 52
70008 51
70009 63
70010 20
70011 32
70012 31
70013 43
70014 30
70015 42
70016 41
70017 53
70018 29
70019 41
70020 40
70021 52
70022 39
70023 51
70024 50
70025 62
70026 28
70027 40
70028 39
70029 51
70030 38
70031 50
70032 49
70033 61
70034 37
70035 49
70036 48
70037 60
70038 47
70039 59
70040 58
70041 70
70042 17
70043 29
70044 28
70045 40
70046 27
70047 39
70048 38
70049 50
70050 26
70051 38
70052 37
70053 49
70054 36
70055 48
70056 47
70057 59
70058 25
70059 37
70060 36
70061 48
70062 35
70063 47
70064 46
70065 58
70066 34
70067 46
70068 45
70069 57
70070 44
70071 56
70072 55
70073 67
70074 24
70075 36
70076 35
70077 47
70078 34
70079 46
70080 45
70081 57
70082 33
70083 45
70084 44
70085 56
70086 43
70087 55
70088 54
70089 66
70090 32
70091 44
70092 43
70093 55
70094 42
70095 54
70096 53
70097 65
70098 41
70099 53
70100 52
70101 64
70102 51
70103 63
70104 62
70105 74
70106 16
70107 28
70108 27
70109 39
70110 26
70111 38
70112 37
70113 49
70114 25
70115 37
70116 36
70117 48
70118 35
70119 47
70120 46
70121 58
70122 24
70123 36
70124 35
70125 47
70126 34
70127 46
70128 45
70129 57
70130 33
70131 45
70132 44
70133 56
70134 43
70135 55
70136 54
70137 66
70138 23
70139 35
70140 34
70141 46
70142 33
70143 45
70144 44
70145 56
70146 32
70147 44
70148 43
70149 55
70150 42
70151 54
70152 53
70153 65
70154 31
70155 43
70156 42
70157 54
70158 41
70159 53
70160 52
70161 64
70162 40
70163 52
70164 51
70165 63
70166 50
70167 62
70168 61
70169 73
70170 20
70171 32
70172 31
70173 43
70174 30
70175 42
70176 41
70177 53
70178 29
70179 41
70180 40
70181 52
70182 39
70183 51
70184 50
70185 62
70186 28
70187 40
70188 39
70189 51
70190 38
70191 50
70192 49
70193 61
70194 37
70195 49
70196 48
70197 60
70198 47
70199 59
70200 58
70201 70
70202 27
70203 39
70204 38
70205 50
70206 37
70207 49
70208 48
70209 60
70210 36
70211 48
70212 47
70213 59
70214 46
70215 58
70216 57
70217 69
70218 35
70219 47
70220 46
70221 58
70222 45
70223 57
70224 56
70225 68
70226 44
70227 56
70228 55
70229 67
70230 54
70231 66
70232 65
70233 77
70234 34
70235 32
70236 44
70237 43
70238 30
70239 42
70240 41
70241 53
70242 42
70243 40
70244 52
70245 28
70246 40
70247 39
70248 51
70249 38
70250 50
70251 49
70252 61
70253 18
70254 30
70255 29
70256 41
70257 28
70258 40
70259 39
70260 51
70261 27
70262 39
70263 38
70264 50
70265 37
70266 49
70267 48
70268 60
70269 26
70270 38
70271 37
70272 49
70273 36
70274 48
70275 47
70276 59
70277 35
70278 47
70279 46
70280 58
70281 45
70282 57
70283 56
70284 68
70285 16
70286 28
70287 27
70288 39
70289 26
70290 38
70291 37
70292 49
70293 25
70294 37
70295 36
70296 48
70297 35
70298 47
70299 46
70300 58
70301 24
70302 36
70303 35
70304 47
70305 34
70306 46
70307 45
70308 57
70309 33
70310 45
70311 44
70312 56
70313 43
70314 55
70315 54
70316 66
70317 23
70318 35
70319 34
70320 46
70321 33
70322 45
70323 44
70324 56
70325 32
70326 44
70327 43
70328 55
70329 42
70330 54
70331 53
70332 65
70333 31
70334 43
70335 42
70336 54
70337 41
70338 53
70339 52
70340 64
70341 40
70342 52
70343 51
70344 63
70345 50
70346 62
70347 61
70348 73
70349 14
70350 26
70351 25
70352 37
70353 24
70354 36
70355 35
70356 47
70357 23
70358 35
70359 34
70360 46
70361 33
70362 45
70363 44
70364 56
70365 22
70366 34
70367 33
70368 45
70369 32
70370 44
70371 43
70372 55
70373 31
70374 43
70375 42
70376 54
70377 41
70378 53
70379 52
70380 64
70381 21
70382 33
70383 32
70384 44
70385 31
70386 43
70387 42
70388 54
70389 30
70390 42
70391 41
70392 53
70393 40
70394 52
70395 51
70396 63
70397 29
70398 41
70399 40
70400 52
70401 39
70402 51
70403 50
70404 62
70405 38
70406 50
70407 49
70408 61
70409 48
70410 60
70411 59
70412 71
70413 19
70414 31
70415 30
70416 42
70417 29
70418 41
70419 40
70420 52
70421 28
70422 40
70423 39
70424 51
70425 38
70426 50
70427 49
70428 61
70429 27
70430 39
70431 38
70432 50
70433 37
70434 49
70435 48
70436 60
70437 36
70438 48
70439 47
70440 59
70441 46
70442 58
70443 57
70444 69
70445 26
70446 38
70447 37
70448 49
70449 36
70450 48
70451 47
70452 59
70453 35
70454 47
70455 46
70456 58
70457 45
70458 57
70459 56
70460 68
70461 34
70462 46
70463 45
70464 57
70465 44
70466 56
70467 55
70468 67
70469 43
70470 55
70471 54
70472 66
70473 53
70474 65
70475 64
70476 76
70477 32
70478 30
70479 42
70480 41
70481 28
70482 40
70483 39
70484 51
70485 40
70486 38
70487 50
70488 26
70489 38
70490 37
70491 49
70492 36
70493 48
70494 47
70495 59
70496 16
70497 28
70498 27
70499 39
70500 26
70501 38
70502 37
70503 49
70504 25
70505 37
70506 36
70507 48
70508 35
70509 47
70510 46
70511 58
70512 24
70513 36
70514 35
70515 47
70516 34
70517 46
70518 45
70519 57
70520 33
70521 45
70522 44
70523 56
70524 43
70525 55
70526 54
70527 66
70528 14
70529 26
70530 25
70531 37
70532 24
70533 36
70534 35
70535 47
70536 23
70537 35
70538 34
70539 46
70540 33
70541 45
70542 44
70543 56
70544 22
70545 34
70546 33
70547 45
70548 32
70549 44
70550 43
70551 55
70552 31
70553 43
70554 42
70555 54
70556 41
70557 53
70558 52
70559 64
70560 21
70561 33
70562 32
70563 44
70564 31
70565 43
70566 42
70567 54
70568 30
70569 42
70570 41
70571 53
70572 40
70573 52
70574 51
70575 63
70576 29
70577 41
70578 40
70579 52
70580 39
70581 51
70582 50
70583 62
70584 38
70585 50
70586 49
70587 61
70588 48
70589 60
70590 59
70591 71
70592 36
70593 34
70594 46
70595 45
70596 32
70597 44
70598 43
70599 55
70600 44
70601 42
70602 54
70603 30
70604 42
70605 41
70606 53
70607 40
70608 52
70609 51
70610 63
70611 20
70612 32
70613 31
70614 43
70615 30
70616 42
70617 41
70618 53
70619 29
70620 41
70621 40
70622 52
70623 39
70624 51
70625 50
70626 62
70627 28
70628 40
70629 39
70630 51
70631 38
70632 50
70633 49
70634 61
70635 37
70636 49
70637 48
70638 60
70639 47
70640 59
70641 58
70642 70
70643 18
70644 30
70645 29
70646 41
70647 28
70648 40
70649 39
70650 51
70651 27
70652 39
70653 38
70654 50
70655 37
70656 49
70657 48
70658 60
70659 26
70660 38
70661 37
70662 49
70663 36
70664 48
70665 47
70666 59
70667 35
70668 47
70669 46
70670 58
70671 45
70672 57
70673 56
70674 68
70675 25
70676 37
70677 36
70678 48
70679 35
70680 47
70681 46
70682 58
70683 34
70684 46
70685 45
70686 57
70687 44
70688 56
70689 55
70690 67
70691 33
70692 45
70693 44
70694 56
70695 43
70696 55
70697 54
70698 66
70699 42
70700 54
70701 53
70702 65
70703 52
70704 64
70705 63
70706 75
70707 12
70708 24
70709 23
70710 35
70711 22
70712 34
70713 33
70714 45
70715 21
70716 33
70717 32
70718 44
70719 31
70720 43
70721 42
70722 54
70723 20
70724 32
70725 31
70726 43
70727 30
70728 42
70729 41
70730 53
70731 29
70732 41
70733 40
70734 52
70735 39
70736 51
70737 50
70738 62
70739 19
70740 31
70741 30
70742 42
70743 29
70744 41
70745 40
70746 52
70747 28
70748 40
70749 39
70750 51
70751 38
70752 50
70753 49
70754 61
70755 27
70756 39
70757 38
70758 50
70759 37
70760 49
70761 48
70762 60
70763 36
70764 48
70765 47
70766 59
70767 46
70768 58
70769 57
70770 69
70771 17
70772 29
70773 28
70774 40
70775 27
70776 39
70777 38
70778 50
70779 26
70780 38
70781 37
70782 49
70783 36
70784 48
70785 47
70786 59
70787 25
70788 37
70789 36
70790 48
70791 35
70792 47
70793 46
70794 58
70795 34
70796 46
70797 45
70798 57
70799 44
70800 56
70801 55
70802 67
70803 24
70804 36
70805 35
70806 47
70807 34
70808 46
70809 45
70810 57
70811 33
70812 45
70813 44
70814 56
70815 43
70816 55
70817 54
70818 66
70819 32
70820 44
70821 43
70822 55
70823 42
70824 54
70825 53
70826 65
70827 41
70828 53
70829 52
70830 64
70831 51
70832 63
70833 62
70834 74
70835 16
70836 28
70837 27
70838 39
70839 26
70840 38
70841 37
70842 49
70843 25
70844 37
70845 36
70846 48
70847 35
70848 47
70849 46
70850 58
70851 24
70852 36
70853 35
70854 47
70855 34
70856 46
70857 45
70858 57
70859 33
70860 45
70861 44
70862 56
70863 43
70864 55
70865 54
70866 66
70867 23
70868 35
70869 34
70870 46
70871 33
70872 45
70873 44
70874 56
70875 32
70876 44
70877 43
70878 55
70879 42
70880 54
70881 53
70882 65
70883 31
70884 43
70885 42
70886 54
70887 41
70888 53
70889 52
70890 64
70891 40
70892 52
70893 51
70894 63
70895 50
70896 62
70897 61
70898 73
70899 21
70900 33
70901 32
70902 44
70903 31
70904 43
70905 42
70906 54
70907 30
70908 42
70909 41
70910 53
70911 40
70912 52
70913 51
70914 63
70915 29
70916 41
70917 40
70918 52
70919 39
70920 51
70921 50
70922 62
70923 38
70924 50
70925 49
70926 61
70927 48
70928 60
70929 59
70930 71
70931 28
70932 40
70933 39
70934 51
70935 38
70936 50
70937 49
70938 61
70939 37
70940 49
70941 48
70942 60
70943 47
70944 59
70945 58
70946 70
70947 36
70948 48
70949 47
70950 59
70951 46
70952 58
70953 57
70954 69
70955 45
70956 57
70957 56
70958 68
70959 55
70960 67
70961 66
70962 78
70963 22
70964 34
70965 33
70966 45
70967 32
70968 44
70969 43
70970 55
70971 31
70972 43
70973 42
70974 54
70975 41
70976 53
70977 52
70978 64
70979 30
70980 42
70981 41
70982 53
70983 40
70984 52
70985 51
70986 63
70987 39
70988 51
70989 50
70990 62
70991 49
70992 61
70993 60
70994 72
70995 25
70996 37
70997 36
70998 48
70999 35
71000 47
71001 46
71002 58
71003 34
71004 46
71005 45
71006 57
71007 44
71008 56
71009 55
71010 67
71011 33
71012 45
71013 44
71014 56
71015 43
71016 55
71017 54
71018 66
71019 42
71020 54
71021 53
71022 65
71023 52
71024 64
71025 63
71026 75
71027 19
71028 31
71029 30
71030 42
71031 29
71032 41
71033 40
71034 52
71035 28
71036 40
71037 39
71038 51
71039 38
71040 50
71041 49
71042 61
71043 27
71044 39
71045 38
71046 50
71047 37
71048 49
71049 48
71050 60
71051 36
71052 48
71053 47
71054 59
71055 46
71056 58
71057 57
71058 69
71059 24
71060 36
71061 35
71062 47
71063 34
71064 46
71065 45
71066 57
71067 33
71068 45
71069 44
71070 56
71071 43
71072 55
71073 54
71074 66
71075 32
71076 44
71077 43
71078 55
71079 42
71080 54
71081 53
71082 65
71083 41
71084 53
71085 52
71086 64
71087 51
71088 63
71089 62
71090 74
71091 18
71092 30
71093 29
71094 41
71095 28
71096 40
71097 39
71098 51
71099 27
71100 39
71101 38
71102 50
71103 37
71104 49
71105 48
71106 60
71107 26
71108 38
71109 37
71110 49
71111 36
71112 48
71113 47
71114 59
71115 35
71116 47
71117 46
71118 58
71119 45
71120 57
71121 56
71122 68
71123 23
71124 35
71125 34
71126 46
71127 33
71128 45
71129 44
71130 56
71131 32
71132 44
71133 43
71134 55
71135 42
71136 54
71137 53
71138 65
71139 31
71140 43
71141 42
71142 54
71143 41
71144 53
71145 52
71146 64
71147 40
71148 52
71149 51
71150 63
71151 50
71152 62
71153 61
71154 73
71155 22
71156 34
71157 33
71158 45
71159 32
71160 44
71161 43
71162 55
71163 31
71164 43
71165 42
71166 54
71167 41
71168 53
71169 52
71170 64
71171 30
71172 42
71173 41
71174 53
71175 40
71176 52
71177 51
71178 63
71179 39
71180 51
71181 50
71182 62
71183 49
71184 61
71185 60
71186 72
71187 27
71188 39
71189 38
71190 50
71191 37
71192 49
71193 48
71194 60
71195 36
71196 48
71197 47
71198 59
71199 46
71200 58
71201 57
71202 69
71203 35
71204 47
71205 46
71206 58
71207 45
71208 57
71209 56
71210 68
71211 44
71212 56
71213 55
71214 67
71215 54
71216 66
71217 65
71218 77
71219 17
71220 29
71221 28
71222 40
71223 27
71224 39
71225 38
71226 50
71227 26
71228 38
71229 37
71230 49
71231 36
71232 48
71233 47
71234 59
71235 25
71236 37
71237 36
71238 48
71239 35
71240 47
71241 46
71242 58
71243 34
71244 46
71245 45
71246 57
71247 44
71248 56
71249 55
71250 67
71251 23
71252 35
71253 34
71254 46
71255 33
71256 45
71257 44
71258 56
71259 32
71260 44
71261 43
71262 55
71263 42
71264 54
71265 53
71266 65
71267 31
71268 43
71269 42
71270 54
71271 41
71272 53
71273 52
71274 64
71275 40
71276 52
71277 51
71278 63
71279 50
71280 62
71281 61
71282 73
71283 39
71284 37
71285 49
71286 48
71287 35
71288 47
71289 46
71290 58
71291 24
71292 36
71293 35
71294 47
71295 34
71296 46
71297 45
71298 57
71299 33
71300 45
71301 44
71302 56
71303 43
71304 55
71305 54
71306 66
71307 22
71308 34
71309 33
71310 45
71311 32
71312 44
71313 43
71314 55
71315 31
71316 43
71317 42
71318 54
71319 41
71320 53
71321 52
71322 64
71323 30
71324 42
71325 41
71326 53
71327 40
71328 52
71329 51
71330 63
71331 39
71332 51
71333 50
71334 62
71335 49
71336 61
71337 60
71338 72
71339 20
71340 32
71341 31
71342 43
71343 30
71344 42
71345 41
71346 53
71347 29
71348 41
71349 40
71350 52
71351 39
71352 51
71353 50
71354 62
71355 28
71356 40
71357 39
71358 51
71359 38
71360 50
71361 49
71362 61
71363 37
71364 49
71365 48
71366 60
71367 47
71368 59
71369 58
71370 70
71371 26
71372 38
71373 37
71374 49
71375 36
71376 48
71377 47
71378 59
71379 35
71380 47
71381 46
71382 58
71383 45
71384 57
71385 56
71386 68
71387 34
71388 46
71389 45
71390 57
71391 44
71392 56
71393 55
71394 67
71395 43
71396 55
71397 54
71398 66
71399 53
71400 65
71401 64
71402 76
71403 37
71404 35
71405 47
71406 46
71407 33
71408 45
71409 44
71410 56
71411 22
71412 34
71413 33
71414 45
71415 32
71416 44
71417 43
71418 55
71419 31
71420 43
71421 42
71422 54
71423 41
71424 53
71425 52
71426 64
71427 20
71428 32
71429 31
71430 43
71431 30
71432 42
71433 41
71434 53
71435 29
71436 41
71437 40
71438 52
71439 39
71440 51
71441 50
71442 62
71443 28
71444 40
71445 39
71446 51
71447 38
71448 50
71449 49
71450 61
71451 37
71452 49
71453 48
71454 60
71455 47
71456 59
71457 58
71458 70
71459 19
71460 31
71461 30
71462 42
71463 29
71464 41
71465 40
71466 52
71467 28
71468 40
71469 39
71470 51
71471 38
71472 50
71473 49
71474 61
71475 27
71476 39
71477 38
71478 50
71479 37
71480 49
71481 48
71482 60
71483 36
71484 48
71485 47
71486 59
71487 46
71488 58
71489 57
71490 69
71491 25
71492 37
71493 36
71494 48
71495 35
71496 47
71497 46
71498 58
71499 34
71500 46
71501 45
71502 57
71503 44
71504 56
71505 55
71506 67
71507 33
71508 45
71509 44
71510 56
71511 43
71512 55
71513 54
71514 66
71515 42
71516 54
71517 53
71518 65
71519 52
71520 64
71521 63
71522 75
71523 13
71524 25
71525 24
71526 36
71527 23
71528 35
71529 34
71530 46
71531 22
71532 34
71533 33
71534 45
71535 32
71536 44
71537 43
71538 55
71539 21
71540 33
71541 32
71542 44
71543 31
71544 43
71545 42
71546 54
71547 30
71548 42
71549 41
71550 53
71551 40
71552 52
71553 51
71554 63
71555 19
71556 31
71557 30
71558 42
71559 29
71560 41
71561 40
71562 52
71563 28
71564 40
71565 39
71566 51
71567 38
71568 50
71569 49
71570 61
71571 27
71572 39
71573 38
71574 50
71575 37
71576 49
71577 48
71578 60
71579 36
71580 48
71581 47
71582 59
71583 46
71584 58
71585 57
71586 69
71587 18
71588 30
71589 29
71590 41
71591 28
71592 40
71593 39
71594 51
71595 27
71596 39
71597 38
71598 50
71599 37
71600 49
71601 48
71602 60
71603 26
71604 38
71605 37
71606 49
71607 36
71608 48
71609 47
71610 59
71611 35
71612 47
71613 46
71614 58
71615 45
71616 57
71617 56
71618 68
71619 24
71620 36
71621 35
71622 47
71623 34
71624 46
71625 45
71626 57
71627 33
71628 45
71629 44
71630 56
71631 43
71632 55
71633 54
71634 66
71635 32
71636 44
71637 43
71638 55
71639 42
71640 54
71641 53
71642 65
71643 41
71644 53
71645 52
71646 64
71647 51
71648 63
71649 62
71650 74
71651 17
71652 29
71653 28
71654 40
71655 27
71656 39
71657 38
71658 50
71659 26
71660 38
71661 37
71662 49
71663 36
71664 48
71665 47
71666 59
71667 25
71668 37
71669 36
71670 48
71671 35
71672 47
71673 46
71674 58
71675 34
71676 46
71677 45
71678 57
71679 44
71680 56
71681 55
71682 67
71683 23
71684 35
71685 34
71686 46
71687 33
71688 45
71689 44
71690 56
71691 32
71692 44
71693 43
71694 55
71695 42
71696 54
71697 53
71698 65
71699 31
71700 43
71701 42
71702 54
71703 41
71704 53
71705 52
71706 64
71707 40
71708 52
71709 51
71710 63
71711 50
71712 62
71713 61
71714 73
71715 22
71716 34
71717 33
71718 45
71719 32
71720 44
71721 43
71722 55
71723 31
71724 43
71725 42
71726 54
71727 41
71728 53
71729 52
71730 64
71731 30
71732 42
71733 41
71734 53
71735 40
71736 52
71737 51
71738 63
71739 39
71740 51
71741 50
71742 62
71743 49
71744 61
71745 60
71746 72
71747 28
71748 40
71749 39
71750 51
71751 38
71752 50
71753 49
71754 61
71755 37
71756 49
71757 48
71758 60
71759 47
71760 59
71761 58
71762 70
71763 36
71764 48
71765 47
71766 59
71767 46
71768 58
71769 57
71770 69
71771 45
71772 57
71773 56
71774 68
71775 55
71776 67
71777 66
71778 78
71779 30
71780 42
71781 41
71782 53
71783 40
71784 52
71785 51
71786 63
71787 39
71788 51
71789 50
71790 62
71791 49
71792 61
71793 60
71794 72
71795 29
71796 41
71797 40
71798 52
71799 39
71800 51
71801 50
71802 62
71803 38
71804 50
71805 49
71806 61
71807 48
71808 60
71809 59
71810 71
71811 33
71812 45
71813 44
71814 56
71815 43
71816 55
71817 54
71818 66
71819 42
71820 54
71821 53
71822 65
71823 52
71824 64
71825 63
71826 75
71827 26
71828 38
71829 37
71830 49
71831 36
71832 48
71833 47
71834 59
71835 35
71836 47
71837 46
71838 58
71839 45
71840 57
71841 56
71842 68
71843 32
71844 44
71845 43
71846 55
71847 42
71848 54
71849 53
71850 65
71851 41
71852 53
71853 52
71854 64
71855 51
71856 63
71857 62
71858 74
71859 20
71860 32
71861 31
71862 43
71863 30
71864 42
71865 41
71866 53
71867 29
71868 41
71869 40
71870 52
71871 39
71872 51
71873 50
71874 62
71875 26
71876 38
71877 37
71878 49
71879 36
71880 48
71881 47
71882 59
71883 35
71884 47
71885 46
71886 58
71887 45
71888 57
71889 56
71890 68
71891 25
71892 37
71893 36
71894 48
71895 35
71896 47
71897 46
71898 58
71899 34
71900 46
71901 45
71902 57
71903 44
71904 56
71905 55
71906 67
71907 31
71908 43
71909 42
71910 54
71911 41
71912 53
71913 52
71914 64
71915 40
71916 52
71917 51
71918 63
71919 50
71920 62
71921 61
71922 73
71923 24
71924 36
71925 35
71926 47
71927 34
71928 46
71929 45
71930 57
71931 33
71932 45
71933 44
71934 56
71935 43
71936 55
71937 54
71938 66
71939 30
71940 42
71941 41
71942 53
71943 40
71944 52
71945 51
71946 63
71947 39
71948 51
71949 50
71950 62
71951 49
71952 61
71953 60
71954 72
71955 29
71956 41
71957 40
71958 52
71959 39
71960 51
71961 50
71962 62
71963 38
71964 50
71965 49
71966 61
71967 48
71968 60
71969 59
71970 71
71971 35
71972 47
71973 46
71974 58
71975 45
71976 57
71977 56
71978 68
71979 44
71980 56
71981 55
71982 67
71983 54
71984 66
71985 65
71986 77
71987 20
71988 32
71989 31
71990 43
71991 30
71992 42
71993 41
71994 53
71995 29
71996 41
71997 40
71998 52
71999 39
72000 51
72001 50
72002 62
72003 27
72004 39
72005 38
72006 50
72007 37
72008 49
72009 48
72010 60
72011 36
72012 48
72013 47
72014 59
72015 46
72016 58
72017 57
72018 69
72019 24
72020 36
72021 35
72022 47
72023 34
72024 46
72025 45
72026 57
72027 33
72028 45
72029 44
72030 56
72031 43
72032 55
72033 54
72034 66
72035 31
72036 43
72037 42
72038 54
72039 41
72040 53
72041 52
72042 64
72043 40
72044 52
72045 51
72046 63
72047 50
72048 62
72049 61
72050 73
72051 41
72052 39
72053 51
72054 27
72055 39
72056 38
72057 50
72058 37
72059 49
72060 48
72061 60
72062 25
72063 37
72064 36
72065 48
72066 35
72067 47
72068 46
72069 58
72070 34
72071 46
72072 45
72073 57
72074 44
72075 56
72076 55
72077 67
72078 23
72079 35
72080 34
72081 46
72082 33
72083 45
72084 44
72085 56
72086 32
72087 44
72088 43
72089 55
72090 42
72091 54
72092 53
72093 65
72094 30
72095 42
72096 41
72097 53
72098 40
72099 52
72100 51
72101 63
72102 39
72103 51
72104 50
72105 62
72106 49
72107 61
72108 60
72109 72
72110 22
72111 34
72112 33
72113 45
72114 32
72115 44
72116 43
72117 55
72118 31
72119 43
72120 42
72121 54
72122 41
72123 53
72124 52
72125 64
72126 29
72127 41
72128 40
72129 52
72130 39
72131 51
72132 50
72133 62
72134 38
72135 50
72136 49
72137 61
72138 48
72139 60
72140 59
72141 71
72142 27
72143 39
72144 38
72145 50
72146 37
72147 49
72148 48
72149 60
72150 36
72151 48
72152 47
72153 59
72154 46
72155 58
72156 57
72157 69
72158 34
72159 46
72160 45
72161 57
72162 44
72163 56
72164 55
72165 67
72166 43
72167 55
72168 54
72169 66
72170 53
72171 65
72172 64
72173 76
72174 39
72175 37
72176 49
72177 25
72178 37
72179 36
72180 48
72181 35
72182 47
72183 46
72184 58
72185 23
72186 35
72187 34
72188 46
72189 33
72190 45
72191 44
72192 56
72193 32
72194 44
72195 43
72196 55
72197 42
72198 54
72199 53
72200 65
72201 22
72202 34
72203 33
72204 45
72205 32
72206 44
72207 43
72208 55
72209 31
72210 43
72211 42
72212 54
72213 41
72214 53
72215 52
72216 64
72217 29
72218 41
72219 40
72220 52
72221 39
72222 51
72223 50
72224 62
72225 38
72226 50
72227 49
72228 61
72229 48
72230 60
72231 59
72232 71
72233 20
72234 32
72235 31
72236 43
72237 30
72238 42
72239 41
72240 53
72241 29
72242 41
72243 40
72244 52
72245 39
72246 51
72247 50
72248 62
72249 27
72250 39
72251 38
72252 50
72253 37
72254 49
72255 48
72256 60
72257 36
72258 48
72259 47
72260 59
72261 46
72262 58
72263 57
72264 69
72265 26
72266 38
72267 37
72268 49
72269 36
72270 48
72271 47
72272 59
72273 35
72274 47
72275 46
72276 58
72277 45
72278 57
72279 56
72280 68
72281 33
72282 45
72283 44
72284 56
72285 43
72286 55
72287 54
72288 66
72289 42
72290 54
72291 53
72292 65
72293 52
72294 64
72295 63
72296 75
72297 14
72298 26
72299 25
72300 37
72301 24
72302 36
72303 35
72304 47
72305 23
72306 35
72307 34
72308 46
72309 33
72310 45
72311 44
72312 56
72313 21
72314 33
72315 32
72316 44
72317 31
72318 43
72319 42
72320 54
72321 30
72322 42
72323 41
72324 53
72325 40
72326 52
72327 51
72328 63
72329 20
72330 32
72331 31
72332 43
72333 30
72334 42
72335 41
72336 53
72337 29
72338 41
72339 40
72340 52
72341 39
72342 51
72343 50
72344 62
72345 27
72346 39
72347 38
72348 50
72349 37
72350 49
72351 48
72352 60
72353 36
72354 48
72355 47
72356 59
72357 46
72358 58
72359 57
72360 69
72361 19
72362 31
72363 30
72364 42
72365 29
72366 41
72367 40
72368 52
72369 28
72370 40
72371 39
72372 51
72373 38
72374 50
72375 49
72376 61
72377 26
72378 38
72379 37
72380 49
72381 36
72382 48
72383 47
72384 59
72385 35
72386 47
72387 46
72388 58
72389 45
72390 57
72391 56
72392 68
72393 25
72394 37
72395 36
72396 48
72397 35
72398 47
72399 46
72400 58
72401 34
72402 46
72403 45
72404 57
72405 44
72406 56
72407 55
72408 67
72409 32
72410 44
72411 43
72412 55
72413 42
72414 54
72415 53
72416 65
72417 41
72418 53
72419 52
72420 64
72421 51
72422 63
72423 62
72424 74
72425 18
72426 30
72427 29
72428 41
72429 28
72430 40
72431 39
72432 51
72433 27
72434 39
72435 38
72436 50
72437 37
72438 49
72439 48
72440 60
72441 25
72442 37
72443 36
72444 48
72445 35
72446 47
72447 46
72448 58
72449 34
72450 46
72451 45
72452 57
72453 44
72454 56
72455 55
72456 67
72457 24
72458 36
72459 35
72460 47
72461 34
72462 46
72463 45
72464 57
72465 33
72466 45
72467 44
72468 56
72469 43
72470 55
72471 54
72472 66
72473 31
72474 43
72475 42
72476 54
72477 41
72478 53
72479 52
72480 64
72481 40
72482 52
72483 51
72484 63
72485 50
72486 62
72487 61
72488 73
72489 23
72490 35
72491 34
72492 46
72493 33
72494 45
72495 44
72496 56
72497 32
72498 44
72499 43
72500 55
72501 42
72502 54
72503 53
72504 65
72505 30
72506 42
72507 41
72508 53
72509 40
72510 52
72511 51
72512 63
72513 39
72514 51
72515 50
72516 62
72517 49
72518 61
72519 60
72520 72
72521 29
72522 41
72523 40
72524 52
72525 39
72526 51
72527 50
72528 62
72529 38
72530 50
72531 49
72532 61
72533 48
72534 60
72535 59
72536 71
72537 36
72538 48
72539 47
72540 59
72541 46
72542 58
72543 57
72544 69
72545 45
72546 57
72547 56
72548 68
72549 55
72550 67
72551 66
72552 78
72553 39
72554 51
72555 50
72556 62
72557 49
72558 61
72559 60
72560 72
72561 38
72562 50
72563 49
72564 61
72565 48
72566 60
72567 59
72568 71
72569 37
72570 49
72571 48
72572 60
72573 47
72574 59
72575 58
72576 70
72577 42
72578 54
72579 53
72580 65
72581 52
72582 64
72583 63
72584 75
72585 30
72586 42
72587 41
72588 53
72589 40
72590 52
72591 51
72592 63
72593 37
72594 49
72595 48
72596 60
72597 47
72598 59
72599 58
72600 70
72601 34
72602 46
72603 45
72604 57
72605 44
72606 56
72607 55
72608 67
72609 41
72610 53
72611 52
72612 64
72613 51
72614 63
72615 62
72616 74
72617 27
72618 39
72619 38
72620 50
72621 37
72622 49
72623 48
72624 60
72625 34
72626 46
72627 45
72628 57
72629 44
72630 56
72631 55
72632 67
72633 33
72634 45
72635 44
72636 56
72637 43
72638 55
72639 54
72640 66
72641 40
72642 52
72643 51
72644 63
72645 50
72646 62
72647 61
72648 73
72649 26
72650 38
72651 37
72652 49
72653 36
72654 48
72655 47
72656 59
72657 33
72658 45
72659 44
72660 56
72661 43
72662 55
72663 54
72664 66
72665 32
72666 44
72667 43
72668 55
72669 42
72670 54
72671 53
72672 65
72673 39
72674 51
72675 50
72676 62
72677 49
72678 61
72679 60
72680 72
72681 31
72682 43
72683 42
72684 54
72685 41
72686 53
72687 52
72688 64
72689 38
72690 50
72691 49
72692 61
72693 48
72694 60
72695 59
72696 71
72697 37
72698 49
72699 48
72700 60
72701 47
72702 59
72703 58
72704 70
72705 44
72706 56
72707 55
72708 67
72709 54
72710 66
72711 65
72712 77
72713 27
72714 39
72715 38
72716 50
72717 37
72718 49
72719 48
72720 60
72721 35
72722 47
72723 46
72724 58
72725 45
72726 57
72727 56
72728 68
72729 32
72730 44
72731 43
72732 55
72733 42
72734 54
72735 53
72736 65
72737 40
72738 52
72739 51
72740 63
72741 50
72742 62
72743 61
72744 73
72745 48
72746 35
72747 47
72748 46
72749 58
72750 33
72751 45
72752 44
72753 56
72754 43
72755 55
72756 54
72757 66
72758 31
72759 43
72760 42
72761 54
72762 41
72763 53
72764 52
72765 64
72766 39
72767 51
72768 50
72769 62
72770 49
72771 61
72772 60
72773 72
72774 24
72775 36
72776 35
72777 47
72778 34
72779 46
72780 45
72781 57
72782 32
72783 44
72784 43
72785 55
72786 42
72787 54
72788 53
72789 65
72790 30
72791 42
72792 41
72793 53
72794 40
72795 52
72796 51
72797 63
72798 38
72799 50
72800 49
72801 61
72802 48
72803 60
72804 59
72805 71
72806 29
72807 41
72808 40
72809 52
72810 39
72811 51
72812 50
72813 62
72814 37
72815 49
72816 48
72817 60
72818 47
72819 59
72820 58
72821 70
72822 35
72823 47
72824 46
72825 58
72826 45
72827 57
72828 56
72829 68
72830 43
72831 55
72832 54
72833 66
72834 53
72835 65
72836 64
72837 76
72838 23
72839 35
72840 34
72841 46
72842 33
72843 45
72844 44
72845 56
72846 31
72847 43
72848 42
72849 54
72850 41
72851 53
72852 52
72853 64
72854 30
72855 42
72856 41
72857 53
72858 40
72859 52
72860 51
72861 63
72862 38
72863 50
72864 49
72865 61
72866 48
72867 60
72868 59
72869 71
72870 45
72871 32
72872 44
72873 43
72874 55
72875 30
72876 42
72877 41
72878 53
72879 40
72880 52
72881 51
72882 63
72883 29
72884 41
72885 40
72886 52
72887 39
72888 51
72889 50
72890 62
72891 37
72892 49
72893 48
72894 60
72895 47
72896 59
72897 58
72898 70
72899 27
72900 39
72901 38
72902 50
72903 37
72904 49
72905 48
72906 60
72907 35
72908 47
72909 46
72910 58
72911 45
72912 57
72913 56
72914 68
72915 34
72916 46
72917 45
72918 57
72919 44
72920 56
72921 55
72922 67
72923 42
72924 54
72925 53
72926 65
72927 52
72928 64
72929 63
72930 75
72931 20
72932 32
72933 31
72934 43
72935 30
72936 42
72937 41
72938 53
72939 28
72940 40
72941 39
72942 51
72943 38
72944 50
72945 49
72946 61
72947 27
72948 39
72949 38
72950 50
72951 37
72952 49
72953 48
72954 60
72955 35
72956 47
72957 46
72958 58
72959 45
72960 57
72961 56
72962 68
72963 26
72964 38
72965 37
72966 49
72967 36
72968 48
72969 47
72970 59
72971 34
72972 46
72973 45
72974 57
72975 44
72976 56
72977 55
72978 67
72979 33
72980 45
72981 44
72982 56
72983 43
72984 55
72985 54
72986 66
72987 41
72988 53
72989 52
72990 64
72991 51
72992 63
72993 62
72994 74
72995 19
72996 31
72997 30
72998 42
72999 29
73000 41
73001 40
73002 52
73003 27
73004 39
73005 38
73006 50
73007 37
73008 49
73009 48
73010 60
73011 26
73012 38
73013 37
73014 49
73015 36
73016 48
73017 47
73018 59
73019 34
73020 46
73021 45
73022 57
73023 44
73024 56
73025 55
73026 67
73027 25
73028 37
73029 36
73030 48
73031 35
73032 47
73033 46
73034 58
73035 33
73036 45
73037 44
73038 56
73039 43
73040 55
73041 54
73042 66
73043 32
73044 44
73045 43
73046 55
73047 42
73048 54
73049 53
73050 65
73051 40
73052 52
73053 51
73054 63
73055 50
73056 62
73057 61
73058 73
73059 24
73060 36
73061 35
73062 47
73063 34
73064 46
73065 45
73066 57
73067 32
73068 44
73069 43
73070 55
73071 42
73072 54
73073 53
73074 65
73075 31
73076 43
73077 42
73078 54
73079 41
73080 53
73081 52
73082 64
73083 39
73084 51
73085 50
73086 62
73087 49
73088 61
73089 60
73090 72
73091 30
73092 42
73093 41
73094 53
73095 40
73096 52
73097 51
73098 63
73099 38
73100 50
73101 49
73102 61
73103 48
73104 60
73105 59
73106 71
73107 37
73108 49
73109 48
73110 60
73111 47
73112 59
73113 58
73114 70
73115 45
73116 57
73117 56
73118 68
73119 55
73120 67
73121 66
73122 78
73123 49
73124 61
73125 60
73126 72
73127 48
73128 60
73129 59
73130 71
73131 41
73132 53
73133 52
73134 64
73135 47
73136 59
73137 58
73138 70
73139 46
73140 58
73141 57
73142 69
73143 52
73144 64
73145 63
73146 75
73147 39
73148 51
73149 50
73150 62
73151 47
73152 59
73153 58
73154 70
73155 38
73156 50
73157 49
73158 61
73159 46
73160 58
73161 57
73162 69
73163 43
73164 55
73165 54
73166 66
73167 51
73168 63
73169 62
73170 74
73171 35
73172 47
73173 46
73174 58
73175 43
73176 55
73177 54
73178 66
73179 42
73180 54
73181 53
73182 65
73183 50
73184 62
73185 61
73186 73
73187 28
73188 40
73189 39
73190 51
73191 36
73192 48
73193 47
73194 59
73195 35
73196 47
73197 46
73198 58
73199 43
73200 55
73201 54
73202 66
73203 34
73204 46
73205 45
73206 57
73207 42
73208 54
73209 53
73210 65
73211 41
73212 53
73213 52
73214 64
73215 49
73216 61
73217 60
73218 72
73219 33
73220 45
73221 44
73222 56
73223 41
73224 53
73225 52
73226 64
73227 40
73228 52
73229 51
73230 63
73231 48
73232 60
73233 59
73234 71
73235 39
73236 51
73237 50
73238 62
73239 47
73240 59
73241 58
73242 70
73243 46
73244 58
73245 57
73246 69
73247 54
73248 66
73249 65
73250 77
73251 37
73252 49
73253 48
73254 60
73255 46
73256 58
73257 57
73258 69
73259 35
73260 47
73261 46
73262 58
73263 44
73264 56
73265 55
73266 67
73267 41
73268 53
73269 52
73270 64
73271 50
73272 62
73273 61
73274 73
73275 39
73276 51
73277 37
73278 49
73279 48
73280 60
73281 35
73282 47
73283 46
73284 58
73285 44
73286 56
73287 55
73288 67
73289 33
73290 45
73291 44
73292 56
73293 42
73294 54
73295 53
73296 65
73297 40
73298 52
73299 51
73300 63
73301 49
73302 61
73303 60
73304 72
73305 26
73306 38
73307 37
73308 49
73309 35
73310 47
73311 46
73312 58
73313 33
73314 45
73315 44
73316 56
73317 42
73318 54
73319 53
73320 65
73321 32
73322 44
73323 43
73324 55
73325 41
73326 53
73327 52
73328 64
73329 39
73330 51
73331 50
73332 62
73333 48
73334 60
73335 59
73336 71
73337 31
73338 43
73339 42
73340 54
73341 40
73342 52
73343 51
73344 63
73345 38
73346 50
73347 49
73348 61
73349 47
73350 59
73351 58
73352 70
73353 37
73354 49
73355 48
73356 60
73357 46
73358 58
73359 57
73360 69
73361 44
73362 56
73363 55
73364 67
73365 53
73366 65
73367 64
73368 76
73369 26
73370 38
73371 37
73372 49
73373 35
73374 47
73375 46
73376 58
73377 34
73378 46
73379 45
73380 57
73381 43
73382 55
73383 54
73384 66
73385 31
73386 43
73387 42
73388 54
73389 40
73390 52
73391 51
73392 63
73393 39
73394 51
73395 50
73396 62
73397 48
73398 60
73399 59
73400 71
73401 35
73402 47
73403 33
73404 45
73405 44
73406 56
73407 32
73408 44
73409 43
73410 55
73411 41
73412 53
73413 52
73414 64
73415 30
73416 42
73417 41
73418 53
73419 39
73420 51
73421 50
73422 62
73423 38
73424 50
73425 49
73426 61
73427 47
73428 59
73429 58
73430 70
73431 29
73432 41
73433 40
73434 52
73435 38
73436 50
73437 49
73438 61
73439 37
73440 49
73441 48
73442 60
73443 46
73444 58
73445 57
73446 69
73447 35
73448 47
73449 46
73450 58
73451 44
73452 56
73453 55
73454 67
73455 43
73456 55
73457 54
73458 66
73459 52
73460 64
73461 63
73462 75
73463 22
73464 34
73465 33
73466 45
73467 31
73468 43
73469 42
73470 54
73471 30
73472 42
73473 41
73474 53
73475 39
73476 51
73477 50
73478 62
73479 29
73480 41
73481 40
73482 52
73483 38
73484 50
73485 49
73486 61
73487 37
73488 49
73489 48
73490 60
73491 46
73492 58
73493 57
73494 69
73495 27
73496 39
73497 38
73498 50
73499 36
73500 48
73501 47
73502 59
73503 35
73504 47
73505 46
73506 58
73507 44
73508 56
73509 55
73510 67
73511 34
73512 46
73513 45
73514 57
73515 43
73516 55
73517 54
73518 66
73519 42
73520 54
73521 53
73522 65
73523 51
73524 63
73525 62
73526 74
73527 20
73528 32
73529 31
73530 43
73531 29
73532 41
73533 40
73534 52
73535 28
73536 40
73537 39
73538 51
73539 37
73540 49
73541 48
73542 60
73543 27
73544 39
73545 38
73546 50
73547 36
73548 48
73549 47
73550 59
73551 35
73552 47
73553 46
73554 58
73555 44
73556 56
73557 55
73558 67
73559 26
73560 38
73561 37
73562 49
73563 35
73564 47
73565 46
73566 58
73567 34
73568 46
73569 45
73570 57
73571 43
73572 55
73573 54
73574 66
73575 33
73576 45
73577 44
73578 56
73579 42
73580 54
73581 53
73582 65
73583 41
73584 53
73585 52
73586 64
73587 50
73588 62
73589 61
73590 73
73591 25
73592 37
73593 36
73594 48
73595 34
73596 46
73597 45
73598 57
73599 33
73600 45
73601 44
73602 56
73603 42
73604 54
73605 53
73606 65
73607 32
73608 44
73609 43
73610 55
73611 41
73612 53
73613 52
73614 64
73615 40
73616 52
73617 51
73618 63
73619 49
73620 61
73621 60
73622 72
73623 31
73624 43
73625 42
73626 54
73627 40
73628 52
73629 51
73630 63
73631 39
73632 51
73633 50
73634 62
73635 48
73636 60
73637 59
73638 71
73639 38
73640 50
73641 49
73642 61
73643 47
73644 59
73645 58
73646 70
73647 46
73648 58
73649 57
73650 69
73651 55
73652 67
73653 66
73654 78
73655 56
73656 68
73657 60
73658 72
73659 59
73660 71
73661 51
73662 63
73663 58
73664 70
73665 50
73666 62
73667 57
73668 69
73669 56
73670 68
73671 63
73672 75
73673 44
73674 56
73675 53
73676 65
73677 49
73678 61
73679 58
73680 70
73681 48
73682 60
73683 57
73684 69
73685 47
73686 59
73687 56
73688 68
73689 53
73690 65
73691 62
73692 74
73693 39
73694 51
73695 48
73696 60
73697 47
73698 59
73699 56
73700 68
73701 44
73702 56
73703 53
73704 65
73705 52
73706 64
73707 61
73708 73
73709 36
73710 48
73711 45
73712 57
73713 44
73714 56
73715 53
73716 65
73717 43
73718 55
73719 52
73720 64
73721 51
73722 63
73723 60
73724 72
73725 35
73726 47
73727 44
73728 56
73729 43
73730 55
73731 52
73732 64
73733 42
73734 54
73735 51
73736 63
73737 50
73738 62
73739 59
73740 71
73741 41
73742 53
73743 50
73744 62
73745 49
73746 61
73747 58
73748 70
73749 48
73750 60
73751 57
73752 69
73753 56
73754 68
73755 65
73756 77
73757 47
73758 59
73759 57
73760 69
73761 39
73762 51
73763 49
73764 61
73765 46
73766 58
73767 56
73768 68
73769 44
73770 56
73771 54
73772 66
73773 51
73774 63
73775 61
73776 73
73777 48
73778 46
73779 58
73780 44
73781 56
73782 54
73783 66
73784 42
73785 54
73786 52
73787 64
73788 50
73789 62
73790 60
73791 72
73792 34
73793 46
73794 44
73795 56
73796 42
73797 54
73798 52
73799 64
73800 41
73801 53
73802 51
73803 63
73804 49
73805 61
73806 59
73807 71
73808 33
73809 45
73810 43
73811 55
73812 41
73813 53
73814 51
73815 63
73816 40
73817 52
73818 50
73819 62
73820 48
73821 60
73822 58
73823 70
73824 39
73825 51
73826 49
73827 61
73828 47
73829 59
73830 57
73831 69
73832 46
73833 58
73834 56
73835 68
73836 54
73837 66
73838 64
73839 76
73840 35
73841 47
73842 45
73843 57
73844 44
73845 56
73846 54
73847 66
73848 34
73849 46
73850 44
73851 56
73852 43
73853 55
73854 53
73855 65
73856 40
73857 52
73858 50
73859 62
73860 49
73861 61
73862 59
73863 71
73864 44
73865 42
73866 54
73867 41
73868 53
73869 51
73870 63
73871 39
73872 51
73873 49
73874 61
73875 48
73876 60
73877 58
73878 70
73879 31
73880 43
73881 41
73882 53
73883 40
73884 52
73885 50
73886 62
73887 38
73888 50
73889 48
73890 60
73891 47
73892 59
73893 57
73894 69
73895 37
73896 49
73897 47
73898 59
73899 46
73900 58
73901 56
73902 68
73903 44
73904 56
73905 54
73906 66
73907 53
73908 65
73909 63
73910 75
73911 30
73912 42
73913 40
73914 52
73915 39
73916 51
73917 49
73918 61
73919 38
73920 50
73921 48
73922 60
73923 47
73924 59
73925 57
73926 69
73927 29
73928 41
73929 39
73930 51
73931 38
73932 50
73933 48
73934 60
73935 37
73936 49
73937 47
73938 59
73939 46
73940 58
73941 56
73942 68
73943 35
73944 47
73945 45
73946 57
73947 44
73948 56
73949 54
73950 66
73951 43
73952 55
73953 53
73954 65
73955 52
73956 64
73957 62
73958 74
73959 27
73960 39
73961 37
73962 49
73963 36
73964 48
73965 46
73966 58
73967 35
73968 47
73969 45
73970 57
73971 44
73972 56
73973 54
73974 66
73975 34
73976 46
73977 44
73978 56
73979 43
73980 55
73981 53
73982 65
73983 42
73984 54
73985 52
73986 64
73987 51
73988 63
73989 61
73990 73
73991 26
73992 38
73993 36
73994 48
73995 35
73996 47
73997 45
73998 57
73999 34
74000 46
74001 44
74002 56
74003 43
74004 55
74005 53
74006 65
74007 33
74008 45
74009 43
74010 55
74011 42
74012 54
74013 52
74014 64
74015 41
74016 53
74017 51
74018 63
74019 50
74020 62
74021 60
74022 72
74023 32
74024 44
74025 42
74026 54
74027 41
74028 53
74029 51
74030 63
74031 40
74032 52
74033 50
74034 62
74035 49
74036 61
74037 59
74038 71
74039 39
74040 51
74041 49
74042 61
74043 48
74044 60
74045 58
74046 70
74047 47
74048 59
74049 57
74050 69
74051 56
74052 68
74053 66
74054 78
74055 68
74056 67
74057 72
74058 71
74059 62
74060 70
74061 54
74062 62
74063 61
74064 69
74065 60
74066 68
74067 67
74068 75
74069 54
74070 64
74071 60
74072 70
74073 59
74074 69
74075 51
74076 61
74077 58
74078 68
74079 57
74080 67
74081 64
74082 74
74083 49
74084 59
74085 58
74086 68
74087 48
74088 58
74089 57
74090 67
74091 54
74092 64
74093 63
74094 73
74095 45
74096 55
74097 54
74098 64
74099 53
74100 63
74101 62
74102 72
74103 37
74104 47
74105 46
74106 56
74107 45
74108 55
74109 54
74110 64
74111 44
74112 54
74113 53
74114 63
74115 52
74116 62
74117 61
74118 71
74119 43
74120 53
74121 52
74122 62
74123 51
74124 61
74125 60
74126 70
74127 50
74128 60
74129 59
74130 69
74131 58
74132 68
74133 67
74134 77
74135 58
74136 69
74137 43
74138 54
74139 51
74140 62
74141 49
74142 60
74143 57
74144 68
74145 48
74146 59
74147 56
74148 67
74149 54
74150 65
74151 62
74152 73
74153 47
74154 58
74155 56
74156 67
74157 45
74158 56
74159 54
74160 65
74161 52
74162 63
74163 61
74164 72
74165 37
74166 48
74167 46
74168 57
74169 45
74170 56
74171 54
74172 65
74173 43
74174 54
74175 52
74176 63
74177 51
74178 62
74179 60
74180 71
74181 35
74182 46
74183 44
74184 55
74185 43
74186 54
74187 52
74188 63
74189 42
74190 53
74191 51
74192 62
74193 50
74194 61
74195 59
74196 70
74197 41
74198 52
74199 50
74200 61
74201 49
74202 60
74203 58
74204 69
74205 48
74206 59
74207 57
74208 68
74209 56
74210 67
74211 65
74212 76
74213 37
74214 48
74215 47
74216 58
74217 44
74218 55
74219 54
74220 65
74221 43
74222 54
74223 53
74224 64
74225 50
74226 61
74227 60
74228 71
74229 46
74230 45
74231 56
74232 43
74233 54
74234 53
74235 64
74236 41
74237 52
74238 51
74239 62
74240 49
74241 60
74242 59
74243 70
74244 33
74245 44
74246 43
74247 54
74248 41
74249 52
74250 51
74251 62
74252 40
74253 51
74254 50
74255 61
74256 48
74257 59
74258 58
74259 69
74260 39
74261 50
74262 49
74263 60
74264 47
74265 58
74266 57
74267 68
74268 46
74269 57
74270 56
74271 67
74272 54
74273 65
74274 64
74275 75
74276 33
74277 44
74278 43
74279 54
74280 42
74281 53
74282 52
74283 63
74284 39
74285 50
74286 49
74287 60
74288 48
74289 59
74290 58
74291 69
74292 31
74293 42
74294 41
74295 52
74296 40
74297 51
74298 50
74299 61
74300 38
74301 49
74302 48
74303 59
74304 47
74305 58
74306 57
74307 68
74308 37
74309 48
74310 47
74311 58
74312 46
74313 57
74314 56
74315 67
74316 44
74317 55
74318 54
74319 65
74320 53
74321 64
74322 63
74323 74
74324 29
74325 40
74326 39
74327 50
74328 38
74329 49
74330 48
74331 59
74332 37
74333 48
74334 47
74335 58
74336 46
74337 57
74338 56
74339 67
74340 35
74341 46
74342 45
74343 56
74344 44
74345 55
74346 54
74347 65
74348 43
74349 54
74350 53
74351 64
74352 52
74353 63
74354 62
74355 73
74356 27
74357 38
74358 37
74359 48
74360 36
74361 47
74362 46
74363 57
74364 35
74365 46
74366 45
74367 56
74368 44
74369 55
74370 54
74371 65
74372 34
74373 45
74374 44
74375 55
74376 43
74377 54
74378 53
74379 64
74380 42
74381 53
74382 52
74383 63
74384 51
74385 62
74386 61
74387 72
74388 33
74389 44
74390 43
74391 54
74392 42
74393 53
74394 52
74395 63
74396 41
74397 52
74398 51
74399 62
74400 50
74401 61
74402 60
74403 71
74404 40
74405 51
74406 50
74407 61
74408 49
74409 60
74410 59
74411 70
74412 48
74413 59
74414 58
74415 69
74416 57
74417 68
74418 67
74419 78
